6.178547504774947480e-05
3.284773699403866528e-05
3.098026028493702224e-04
1.289620444893078705e-04
1.665106088468856039e-05
6.178547504774947480e-05
8.069226797714043985e-06
1.289620444893078705e-04
3.284773699403866528e-05
4.056258869613559545e-06
6.178547504774947480e-05
2.295814177075920172e-06
1.665106088468856039e-05
3.284773699403866528e-05
1.477446189519323289e-06
8.069226797714043985e-06
1.665106088468856039e-05
4.056258869613559545e-06
1.028072447988011684e-06
8.069226797714043985e-06
2.295814177075920172e-06
7.374886128576308275e-07
4.056258869613559545e-06
1.477446189519323289e-06
5.322498365644077043e-07
2.295814177075920172e-06
3.829054875625901974e-07
1.028072447988011684e-06
1.477446189519323289e-06
2.738401807891551729e-07
7.374886128576308275e-07
1.028072447988011684e-06
1.946078979689825189e-07
5.322498365644077043e-07
7.374886128576308275e-07
1.374672075137311264e-07
3.829054875625901974e-07
5.322498365644077043e-07
2.738401807891551729e-07
9.655000263248377158e-08
3.829054875625901974e-07
1.946078979689825189e-07
6.743966252107282348e-08
2.738401807891551729e-07
1.374672075137311264e-07
4.685810883353880230e-08
1.946078979689825189e-07
3.240239141092801899e-08
9.655000263248377158e-08
1.374672075137311264e-07
2.232582990576527474e-08
6.743966252107282348e-08
9.655000263248377158e-08
1.536438916028505647e-08
4.685810883353880230e-08
6.743966252107282348e-08
1.060498805985911940e-08
3.240239141092801899e-08
4.685810883353880230e-08
7.388968925252203690e-09
2.232582990576527474e-08
3.240239141092801899e-08
1.536438916028505647e-08
5.242713859098604550e-09
2.232582990576527474e-08
1.060498805985911940e-08
3.827937215588740030e-09
1.536438916028505647e-08
7.388968925252203690e-09
2.905668495210847069e-09
1.060498805985911940e-08
2.309646513122607376e-09
5.242713859098604550e-09
7.388968925252203690e-09
1.926319643746200566e-09
3.827937215588740030e-09
5.242713859098604550e-09
1.679702328131595181e-09
2.905668495210847069e-09
3.827937215588740030e-09
1.519982206716330037e-09
2.309646513122607376e-09
2.905668495210847069e-09
1.415111090136871490e-09
1.926319643746200566e-09
2.309646513122607376e-09
1.679702328131595181e-09
1.344772561937083627e-09
1.926319643746200566e-09
1.519982206716330037e-09
1.296199996008410311e-09
1.679702328131595181e-09
1.415111090136871490e-09
1.261381488735131511e-09
1.519982206716330037e-09
1.344772561937083627e-09
1.235257432731823179e-09
1.415111090136871490e-09
1.296199996008410311e-09
1.214594335782781711e-09
1.344772561937083627e-09
1.261381488735131511e-09
1.197297277875009684e-09
1.296199996008410311e-09
1.181994265414452481e-09
1.235257432731823179e-09
1.261381488735131511e-09
1.214594335782781711e-09
1.167783005991554966e-09
1.235257432731823179e-09
1.197297277875009684e-09
1.154072634893256043e-09
1.214594335782781711e-09
1.181994265414452481e-09
1.140481099867217157e-09
1.197297277875009684e-09
1.167783005991554966e-09
1.126766265092010025e-09
1.181994265414452481e-09
1.154072634893256043e-09
1.112778648973730809e-09
1.167783005991554966e-09
1.140481099867217157e-09
1.098428908817939471e-09
1.154072634893256043e-09
1.126766265092010025e-09
1.083665793137434753e-09
1.140481099867217157e-09
1.112778648973730809e-09
1.068461604762371343e-09
1.126766265092010025e-09
1.098428908817939471e-09
1.052802972783197153e-09
1.112778648973730809e-09
1.083665793137434753e-09
1.036685257104412124e-09
1.098428908817939471e-09
1.068461604762371343e-09
1.020109334178836031e-09
1.083665793137434753e-09
1.052802972783197153e-09
1.003079868474516052e-09
1.068461604762371343e-09
1.036685257104412124e-09
9.856044619889390359e-10
1.052802972783197153e-09
1.020109334178836031e-09
9.676932928323809503e-10
1.036685257104412124e-09
1.003079868474516052e-09
9.493590083064842345e-10
1.020109334178836031e-09
9.856044619889390359e-10
9.306167390256368590e-10
1.003079868474516052e-09
9.676932928323809503e-10
9.114841623662416102e-10
9.856044619889390359e-10
9.493590083064842345e-10
8.919815782538308901e-10
9.676932928323809503e-10
9.306167390256368590e-10
8.721319785731521106e-10
9.493590083064842345e-10
9.114841623662416102e-10
8.519611001342806354e-10
9.306167390256368590e-10
8.919815782538308901e-10
8.314974551836530264e-10
9.114841623662416102e-10
8.721319785731521106e-10
8.107723347338143574e-10
8.919815782538308901e-10
8.519611001342806354e-10
7.898197808749746124e-10
8.721319785731521106e-10
8.314974551836530264e-10
7.686765243838082485e-10
8.519611001342806354e-10
8.107723347338143574e-10
7.473818839600324265e-10
8.314974551836530264e-10
7.898197808749746124e-10
7.259776241794652431e-10
8.107723347338143574e-10
7.686765243838082485e-10
7.045077691193509213e-10
7.898197808749746124e-10
7.473818839600324265e-10
6.830183695403187375e-10
7.686765243838082485e-10
7.259776241794652431e-10
6.615572220036364412e-10
7.473818839600324265e-10
7.045077691193509213e-10
6.401735390493808008e-10
7.259776241794652431e-10
6.830183695403187375e-10
6.189175711972634931e-10
7.045077691193509213e-10
6.615572220036364412e-10
5.978401816227405410e-10
6.830183695403187375e-10
6.401735390493808008e-10
5.769923769029341920e-10
6.615572220036364412e-10
6.189175711972634931e-10
5.564247978702530181e-10
6.401735390493808008e-10
5.978401816227405410e-10
5.361871765284617668e-10
6.189175711972634931e-10
5.769923769029341920e-10
5.163277666073717679e-10
5.978401816227405410e-10
5.564247978702530181e-10
4.968927569754648774e-10
5.769923769029341920e-10
5.361871765284617668e-10
4.779256786725450104e-10
5.564247978702530181e-10
5.163277666073717679e-10
4.594668179675215571e-10
5.361871765284617668e-10
4.968927569754648774e-10
4.415526489479933589e-10
5.163277666073717679e-10
4.779256786725450104e-10
4.242153001734941647e-10
4.968927569754648774e-10
4.594668179675215571e-10
4.074820706334788406e-10
4.779256786725450104e-10
4.415526489479933589e-10
3.913750099318757296e-10
4.594668179675215571e-10
4.242153001734941647e-10
3.759105777031098418e-10
4.415526489479933589e-10
4.074820706334788406e-10
3.610993956013726277e-10
4.242153001734941647e-10
3.913750099318757296e-10
3.469461037914974439e-10
4.074820706334788406e-10
3.759105777031098418e-10
3.334493311255604636e-10
3.913750099318757296e-10
3.610993956013726277e-10
3.206017851887679920e-10
3.759105777031098418e-10
3.469461037914974439e-10
3.083904647692405564e-10
3.610993956013726277e-10
3.334493311255604636e-10
2.967969930180859047e-10
3.469461037914974439e-10
3.206017851887679920e-10
2.857980652165021165e-10
3.334493311255604636e-10
3.083904647692405564e-10
2.753660006919675170e-10
3.206017851887679920e-10
2.967969930180859047e-10
2.654693839842841582e-10
3.083904647692405564e-10
2.857980652165021165e-10
2.560737765511778259e-10
2.967969930180859047e-10
2.753660006919675170e-10
2.471424776202723820e-10
2.857980652165021165e-10
2.654693839842841582e-10
2.386373100053926238e-10
2.753660006919675170e-10
2.560737765511778259e-10
2.305194061772358560e-10
2.654693839842841582e-10
2.471424776202723820e-10
2.227499700715175465e-10
2.560737765511778259e-10
2.386373100053926238e-10
2.152909915692277739e-10
2.471424776202723820e-10
2.305194061772358560e-10
2.081058936163845872e-10
2.386373100053926238e-10
2.227499700715175465e-10
2.011600954667892801e-10
2.305194061772358560e-10
2.152909915692277739e-10
1.944214808746330309e-10
2.227499700715175465e-10
2.081058936163845872e-10
1.878607636985898988e-10
2.152909915692277739e-10
2.011600954667892801e-10
1.814517505284117315e-10
2.081058936163845872e-10
1.944214808746330309e-10
1.751715028727752236e-10
2.011600954667892801e-10
1.878607636985898988e-10
1.690004067348140837e-10
1.944214808746330309e-10
1.814517505284117315e-10
1.629221597104087699e-10
1.878607636985898988e-10
1.751715028727752236e-10
1.569236886398908135e-10
1.814517505284117315e-10
1.690004067348140837e-10
1.509950107018444197e-10
1.751715028727752236e-10
1.629221597104087699e-10
1.451290515726687917e-10
1.690004067348140837e-10
1.569236886398908135e-10
1.393214321883319030e-10
1.629221597104087699e-10
1.509950107018444197e-10
1.335702348037022055e-10
1.569236886398908135e-10
1.451290515726687917e-10
1.278757562797562649e-10
1.509950107018444197e-10
1.393214321883319030e-10
1.222402550613727507e-10
1.451290515726687917e-10
1.335702348037022055e-10
1.166676961267324037e-10
1.393214321883319030e-10
1.278757562797562649e-10
1.111634967926141265e-10
1.335702348037022055e-10
1.222402550613727507e-10
1.057342758178286495e-10
1.278757562797562649e-10
1.166676961267324037e-10
1.222402550613727507e-10
1.111634967926141265e-10
9.513177949374124946e-11
1.166676961267324037e-10
1.057342758178286495e-10
8.997556539332505459e-11
1.111634967926141265e-10
1.003876070510782834e-10
8.492799823633918065e-11
1.057342758178286495e-10
7.999816315285972119e-11
9.513177949374124946e-11
1.003876070510782834e-10
8.997556539332505459e-11
7.519500167389679344e-11
9.513177949374124946e-11
7.052713332563265716e-11
8.997556539332505459e-11
6.600269571189317074e-11
8.492799823633918065e-11
6.162920486098552353e-11
7.999816315285972119e-11
7.052713332563265716e-11
5.741343665234849849e-11
7.519500167389679344e-11
6.600269571189317074e-11
5.336132971216629423e-11
7.052713332563265716e-11
6.162920486098552353e-11
4.947790980063459156e-11
6.600269571189317074e-11
4.576723498773883175e-11
5.741343665234849849e-11
6.162920486098552353e-11
4.223236064480175466e-11
5.741343665234849849e-11
4.947790980063459156e-11
3.887532307107517799e-11
5.336132971216629423e-11
4.576723498773883175e-11
4.947790980063459156e-11
3.269782690161978449e-11
4.223236064480175466e-11
4.576723498773883175e-11
3.887532307107517799e-11
2.987642635002939527e-11
4.223236064480175466e-11
3.569714004162451713e-11
2.723105023241411404e-11
3.887532307107517799e-11
3.269782690161978449e-11
2.475893169212379055e-11
3.569714004162451713e-11
2.245648600847134394e-11
2.987642635002939527e-11
3.269782690161978449e-11
2.031937846379885140e-11
2.723105023241411404e-11
2.987642635002939527e-11
1.834259784034362620e-11
2.475893169212379055e-11
2.723105023241411404e-11
2.245648600847134394e-11
1.652053405301385316e-11
2.475893169212379055e-11
2.031937846379885140e-11
2.245648600847134394e-11
1.834259784034362620e-11
1.336410490003607523e-11
2.031937846379885140e-11
1.652053405301385316e-11
1.199397971581768895e-11
1.834259784034362620e-11
1.756857150171601828e-11
1.074505241135377962e-11
1.652053405301385316e-11
9.610407752209144916e-12
1.336410490003607523e-11
1.756857150171601828e-11
1.598426461773612782e-11
1.199397971581768895e-11
1.336410490003607523e-11
1.074505241135377962e-11
7.689999043397651959e-12
1.199397971581768895e-11
9.610407752209144916e-12
6.882585981581761183e-12
1.074505241135377962e-11
1.598426461773612782e-11
6.153698880448761155e-12
9.610407752209144916e-12
7.689999043397651959e-12
5.500937484534347425e-12
1.598426461773612782e-11
6.882585981581761183e-12
5.286827822032088440e-12
7.689999043397651959e-12
4.429209279217193199e-12
6.153698880448761155e-12
6.882585981581761183e-12
3.985834176141913726e-12
5.500937484534347425e-12
6.153698880448761155e-12
3.591995834344973264e-12
5.500937484534347425e-12
4.429209279217193199e-12
3.243784551736809018e-12
5.286827822032088440e-12
3.030970152960688676e-12
4.429209279217193199e-12
3.591995834344973264e-12
2.690497470304214865e-12
3.985834176141913726e-12
3.243784551736809018e-12
2.464637816790761772e-12
3.591995834344973264e-12
3.030970152960688676e-12
2.265568800570245029e-12
3.243784551736809018e-12
2.690497470304214865e-12
3.030970152960688676e-12
1.946428287091033947e-12
2.690497470304214865e-12
1.820581098613804562e-12
2.265568800570245029e-12
2.464637816790761772e-12
1.710395204159733496e-12
2.265568800570245029e-12
1.613471224129924025e-12
2.091040879210848983e-12
1.820581098613804562e-12
1.680352202259128260e-12
1.946428287091033947e-12
1.710395204159733496e-12
1.460621492861879183e-12
1.820581098613804562e-12
1.613471224129924025e-12
1.400016332312191418e-12
1.710395204159733496e-12
1.346107165574981711e-12
1.613471224129924025e-12
1.460621492861879183e-12
1.680352202259128260e-12
1.259373245870463938e-12
1.460621492861879183e-12
1.346107165574981711e-12
1.224597014192571218e-12
1.400016332312191418e-12
1.298372228394165322e-12
1.193500710539105068e-12
1.346107165574981711e-12
1.259373245870463938e-12
1.298169453342261026e-12
1.298372228394165322e-12
1.224597014192571218e-12
1.145389742001008872e-12
1.259373245870463938e-12
1.193500710539105068e-12
1.121266837353846636e-12
1.224597014192571218e-12
1.298169453342261026e-12
1.102080466845789793e-12
1.193500710539105068e-12
1.145389742001008872e-12
1.071715111957890787e-10
1.298169453342261026e-12
1.121266837353846636e-12
1.074639583534291688e-12
1.145389742001008872e-12
1.055995218843104479e-12
1.102080466845789793e-12
1.121266837353846636e-12
1.071715111957890787e-10
1.043167053215858098e-12
1.102080466845789793e-12
1.074639583534291688e-12
5.381793537565496160e-11
1.071715111957890787e-10
1.055995218843104479e-12
1.020987209928945427e-12
1.074639583534291688e-12
1.011222286827852860e-12
1.043167053215858098e-12
1.055995218843104479e-12
1.001914913880178042e-12
5.381793537565496160e-11
1.043167053215858098e-12
1.290244790093104265e-10
1.020987209928945427e-12
5.381793537565496160e-11
9.893903060001446665e-13
1.011222286827852860e-12
1.020987209928945427e-12
9.778813379494995920e-13
1.001914913880178042e-12
1.011222286827852860e-12
1.290244790093104265e-10
1.001914913880178042e-12
9.933789644589090539e-13
9.893903060001446665e-13
1.290244790093104265e-10
9.778813379494995920e-13
9.653265910010022966e-13
9.893903060001446665e-13
9.512161724901693055e-13
9.706162758436200482e-13
9.778813379494995920e-13
9.452067060531646237e-13
9.933789644589090539e-13
9.706162758436200482e-13
9.392844900995729762e-13
9.653265910010022966e-13
9.933789644589090539e-13
1.072464834625344637e-12
9.512161724901693055e-13
9.653265910010022966e-13
9.452067060531646237e-13
9.286796411098747883e-13
9.512161724901693055e-13
9.392844900995729762e-13
9.234797326971113502e-13
9.452067060531646237e-13
1.072464834625344637e-12
9.183220486064482977e-13
9.392844900995729762e-13
9.286796411098747883e-13
1.284626767507962686e-11
1.072464834625344637e-12
9.234797326971113502e-13
9.091820243955855555e-13
9.286796411098747883e-13
9.183220486064482977e-13
9.042467693296457660e-13
9.234797326971113502e-13
1.284626767507962686e-11
8.996450841114244295e-13
9.183220486064482977e-13
9.091820243955855555e-13
8.953395739967987022e-13
1.284626767507962686e-11
9.042467693296457660e-13
8.934405893210547930e-13
9.091820243955855555e-13
8.996450841114244295e-13
8.867678668753487723e-13
9.042467693296457660e-13
8.953395739967987022e-13
8.825913724966535568e-13
8.996450841114244295e-13
8.934405893210547930e-13
8.783938908385102204e-13
8.953395739967987022e-13
1.498460308359257605e-11
8.867678668753487723e-13
8.934405893210547930e-13
8.825913724966535568e-13
8.867678668753487723e-13
8.667093653160891245e-13
8.783938908385102204e-13
8.825913724966535568e-13
8.628405557773803857e-13
1.498460308359257605e-11
8.783938908385102204e-13
8.711960877725133269e-13
8.589310252649700652e-13
1.498460308359257605e-11
1.380148248834626645e-12
8.711960877725133269e-13
8.517699495796070480e-13
8.628405557773803857e-13
8.667093653160891245e-13
8.481709458788430603e-13
8.589310252649700652e-13
8.628405557773803857e-13
8.445265639418446438e-13
1.380148248834626645e-12
9.336925061615980061e-12
8.589310252649700652e-13
8.517699495796070480e-13
8.377560370401487611e-13
1.380148248834626645e-12
8.481709458788430603e-13
8.342545249183159059e-13
8.517699495796070480e-13
8.445265639418446438e-13
8.308414171912508704e-13
8.481709458788430603e-13
9.336925061615980061e-12
8.273834338152093756e-13
8.445265639418446438e-13
8.377560370401487611e-13
8.791260435504006208e-13
9.336925061615980061e-12
8.342545249183159059e-13
8.209823953566706782e-13
8.377560370401487611e-13
8.308414171912508704e-13
8.177676944221486083e-13
8.342545249183159059e-13
8.273834338152093756e-13
8.145134882545550470e-13
8.308414171912508704e-13
8.791260435504006208e-13
9.102021595267501139e-13
8.273834338152093756e-13
8.209823953566706782e-13
8.247292037758239340e-13
8.791260435504006208e-13
8.177676944221486083e-13
8.052477074444424589e-13
8.209823953566706782e-13
8.145134882545550470e-13
8.021809141057386587e-13
8.177676944221486083e-13
9.102021595267501139e-13
7.990669985143504316e-13
8.145134882545550470e-13
8.247292037758239340e-13
1.624000606798937748e-11
9.102021595267501139e-13
8.052477074444424589e-13
7.936922133737070871e-13
8.247292037758239340e-13
8.021809141057386587e-13
7.903393813303366748e-13
8.052477074444424589e-13
7.990669985143504316e-13
7.874013713672607896e-13
8.021809141057386587e-13
1.624000606798937748e-11
7.844177306423409312e-13
7.990669985143504316e-13
7.936922133737070871e-13
1.106599159626587882e-12
1.624000606798937748e-11
7.903393813303366748e-13
7.789505658946017606e-13
7.936922133737070871e-13
7.874013713672607896e-13
7.761808919270865297e-13
7.903393813303366748e-13
7.844177306423409312e-13
7.733670111757254987e-13
7.874013713672607896e-13
1.106599159626587882e-12
1.284739072997365352e-12
7.844177306423409312e-13
7.789505658946017606e-13
7.688084747465239317e-13
1.106599159626587882e-12
7.761808919270865297e-13
7.653563830707396524e-13
7.789505658946017606e-13
7.733670111757254987e-13
7.626961949438117537e-13
7.761808919270865297e-13
1.284739072997365352e-12
7.599943096906277057e-13
7.733670111757254987e-13
7.688084747465239317e-13
1.464634176926117094e-11
1.284739072997365352e-12
7.555649112605512091e-13
7.688084747465239317e-13
7.523921339341340473e-13
7.626961949438117537e-13
7.498330397567977975e-13
7.653563830707396524e-13
7.599943096906277057e-13
7.472320312981396488e-13
7.626961949438117537e-13
1.464634176926117094e-11
1.912544411478419796e-12
7.599943096906277057e-13
7.555649112605512091e-13
7.425179119661638225e-13
1.464634176926117094e-11
7.523921339341340473e-13
7.401173722845064840e-13
7.555649112605512091e-13
7.498330397567977975e-13
7.376978267894102070e-13
7.523921339341340473e-13
7.472320312981396488e-13
7.352373703240632135e-13
7.498330397567977975e-13
1.912544411478419796e-12
3.466022718185036653e-11
7.472320312981396488e-13
7.425179119661638225e-13
7.320843938338945708e-13
1.912544411478419796e-12
7.401173722845064840e-13
7.283967959516592121e-13
7.425179119661638225e-13
7.376978267894102070e-13
7.261083498214874966e-13
7.401173722845064840e-13
7.352373703240632135e-13
7.237808687636818706e-13
7.376978267894102070e-13
3.466022718185036653e-11
7.348705471916217472e-13
7.352373703240632135e-13
7.320843938338945708e-13
7.195621795991629384e-13
3.466022718185036653e-11
7.283967959516592121e-13
7.171793259741923710e-13
7.320843938338945708e-13
7.261083498214874966e-13
7.150048770432753259e-13
7.283967959516592121e-13
7.237808687636818706e-13
7.127895846847267312e-13
7.261083498214874966e-13
7.348705471916217472e-13
7.105314260561609247e-13
7.237808687636818706e-13
7.195621795991629384e-13
8.266266426506338135e-13
7.348705471916217472e-13
7.171793259741923710e-13
7.064654084532206956e-13
7.195621795991629384e-13
7.150048770432753259e-13
7.044030147513590713e-13
7.171793259741923710e-13
7.127895846847267312e-13
7.022963262136340485e-13
7.150048770432753259e-13
7.105314260561609247e-13
7.001536131843815574e-13
7.127895846847267312e-13
8.266266426506338135e-13
1.388229066612179879e-12
7.105314260561609247e-13
6.962960666518378214e-13
7.064654084532206956e-13
8.266266426506338135e-13
6.942562210995539734e-13
7.044030147513590713e-13
7.064654084532206956e-13
6.922455005233562558e-13
7.022963262136340485e-13
7.044030147513590713e-13
6.902000385893504679e-13
7.001536131843815574e-13
7.022963262136340485e-13
1.204108037141008747e-12
1.388229066612179879e-12
7.001536131843815574e-13
6.864377407429168174e-13
6.962960666518378214e-13
6.845399292050841057e-13
1.388229066612179879e-12
6.942562210995539734e-13
6.826124157397511530e-13
6.962960666518378214e-13
6.922455005233562558e-13
6.806520846042235661e-13
6.942562210995539734e-13
6.902000385893504679e-13
1.201395690238448308e-12
6.922455005233562558e-13
1.204108037141008747e-12
6.770628829156357939e-13
6.902000385893504679e-13
6.864377407429168174e-13
6.752480197109177471e-13
1.204108037141008747e-12
6.845399292050841057e-13
6.734010418992025999e-13
6.864377407429168174e-13
6.826124157397511530e-13
6.715143837444919176e-13
6.845399292050841057e-13
6.806520846042235661e-13
8.298074745204398505e-13
6.826124157397511530e-13
1.201395690238448308e-12
6.680845180388775127e-13
6.806520846042235661e-13
6.770628829156357939e-13
6.663431405200436460e-13
1.201395690238448308e-12
6.752480197109177471e-13
6.645664289580549101e-13
6.770628829156357939e-13
6.734010418992025999e-13
1.084653228207906048e-12
6.752480197109177471e-13
6.715143837444919176e-13
6.634469704842936429e-13
6.734010418992025999e-13
8.298074745204398505e-13
6.594989403014604620e-13
6.715143837444919176e-13
6.680845180388775127e-13
6.578063697720633603e-13
8.298074745204398505e-13
6.663431405200436460e-13
6.560919461419686338e-13
6.680845180388775127e-13
6.645664289580549101e-13
2.491853152298525714e-11
6.663431405200436460e-13
6.531566361938036521e-13
1.084653228207906048e-12
6.645664289580549101e-13
6.512451336725360450e-13
6.634469704842936429e-13
1.084653228207906048e-12
6.594989403014604620e-13
6.496189039672856309e-13
6.634469704842936429e-13
6.479609312360158110e-13
6.578063697720633603e-13
6.594989403014604620e-13
8.814454610091352349e-13
6.560919461419686338e-13
6.578063697720633603e-13
6.448680401232325005e-13
2.491853152298525714e-11
6.560919461419686338e-13
6.433576742606129852e-13
6.531566361938036521e-13
2.491853152298525714e-11
6.417893657401598305e-13
6.512451336725360450e-13
6.531566361938036521e-13
6.401891648891882559e-13
6.496189039672856309e-13
6.615069708149957567e-13
6.512451336725360450e-13
6.479609312360158110e-13
6.372604726559671693e-13
6.496189039672856309e-13
8.814454610091352349e-13
6.358081582877127282e-13
6.479609312360158110e-13
6.448680401232325005e-13
6.343058537643962545e-13
8.814454610091352349e-13
6.433576742606129852e-13
6.327766016824393338e-13
6.448680401232325005e-13
6.417893657401598305e-13
6.496520676877212139e-13
6.433576742606129852e-13
6.401891648891882559e-13
6.299714412991773561e-13
6.417893657401598305e-13
6.615069708149957567e-13
6.285686074089429650e-13
6.401891648891882559e-13
6.372604726559671693e-13
6.271310803511417364e-13
6.615069708149957567e-13
6.358081582877127282e-13
6.256660173893654634e-13
6.343058537643962545e-13
6.372604726559671693e-13
1.281268108758917931e-12
6.327766016824393338e-13
6.358081582877127282e-13
6.230482278106778728e-13
6.496520676877212139e-13
6.343058537643962545e-13
6.216130228024609556e-13
6.299714412991773561e-13
6.327766016824393338e-13
6.202322377249645033e-13
6.285686074089429650e-13
6.496520676877212139e-13
6.188254299898649442e-13
6.299714412991773561e-13
6.271310803511417364e-13
1.541814483357023933e-12
6.285686074089429650e-13
6.256660173893654634e-13
6.162795158684022356e-13
6.271310803511417364e-13
1.281268108758917931e-12
6.149358811312484370e-13
6.256660173893654634e-13
6.230482278106778728e-13
6.136114788858688312e-13
1.281268108758917931e-12
6.216130228024609556e-13
6.122617678020718889e-13
6.230482278106778728e-13
6.202322377249645033e-13
2.468029987689551516e-12
6.216130228024609556e-13
6.188254299898649442e-13
6.097167316672753417e-13
6.202322377249645033e-13
1.541814483357023933e-12
6.085160132892182897e-13
6.188254299898649442e-13
6.072443682674593056e-13
6.162795158684022356e-13
1.541814483357023933e-12
6.059472608534019668e-13
6.149358811312484370e-13
6.162795158684022356e-13
1.754136476209502866e-12
6.136114788858688312e-13
6.149358811312484370e-13
6.037139138806943923e-13
6.122617678020718889e-13
6.023478955040190699e-13
6.136114788858688312e-13
2.468029987689551516e-12
6.011254069220671407e-13
6.122617678020718889e-13
6.097167316672753417e-13
5.998791927559342889e-13
2.468029987689551516e-12
6.085160132892182897e-13
8.178339566673842315e-13
6.097167316672753417e-13
6.072443682674593056e-13
5.977383883199642026e-13
6.085160132892182897e-13
6.059472608534019668e-13
5.964159466828903118e-13
6.072443682674593056e-13
1.754136476209502866e-12
5.952453036462414490e-13
6.037139138806943923e-13
6.059472608534019668e-13
5.940500410573365710e-13
6.023478955040190699e-13
1.754136476209502866e-12
1.391523987944717169e-11
6.011254069220671407e-13
6.037139138806943923e-13
5.921040144677045167e-13
5.998791927559342889e-13
6.023478955040190699e-13
5.907115753622515058e-13
8.178339566673842315e-13
6.011254069220671407e-13
5.895875266067178635e-13
5.977383883199642026e-13
5.998791927559342889e-13
5.884421162383508642e-13
5.964159466828903118e-13
8.178339566673842315e-13
5.159344585594384207e-12
5.952453036462414490e-13
5.977383883199642026e-13
5.878435673910661364e-13
5.940500410573365710e-13
5.964159466828903118e-13
5.852054404033889848e-13
1.391523987944717169e-11
5.952453036462414490e-13
5.841324277567623994e-13
5.921040144677045167e-13
5.940500410573365710e-13
5.830325631512036480e-13
5.907115753622515058e-13
1.391523987944717169e-11
2.528557039957373264e-10
5.895875266067178635e-13
5.921040144677045167e-13
5.819625229391825174e-13
5.884421162383508642e-13
5.907115753622515058e-13
5.799024786709987787e-13
5.159344585594384207e-12
5.895875266067178635e-13
5.788672764992100094e-13
5.878435673910661364e-13
5.884421162383508642e-13
5.778073855187809056e-13
5.852054404033889848e-13
5.159344585594384207e-12
3.381607622384486788e-10
5.841324277567623994e-13
5.878435673910661364e-13
5.827015889318879485e-13
5.830325631512036480e-13
5.852054404033889848e-13
5.747967454422067302e-13
2.528557039957373264e-10
5.841324277567623994e-13
5.737904015439016651e-13
5.819625229391825174e-13
5.830325631512036480e-13
5.727684598811931468e-13
5.799024786709987787e-13
2.528557039957373264e-10
3.005225794275868572e-10
5.788672764992100094e-13
5.819625229391825174e-13
5.769603087283716239e-13
5.778073855187809056e-13
3.381607622384486788e-10
5.698478274234306799e-13
5.799024786709987787e-13
5.827015889318879485e-13
5.688865256910234987e-13
5.788672764992100094e-13
5.747967454422067302e-13
5.678981875764093927e-13
5.778073855187809056e-13
5.737904015439016651e-13
6.602878817392971832e-11
3.381607622384486788e-10
5.727684598811931468e-13
5.698509162934789274e-13
5.827015889318879485e-13
5.650839853188473387e-13
3.005225794275868572e-10
5.747967454422067302e-13
5.769603087283716239e-13
5.641517546524809649e-13
5.737904015439016651e-13
5.698478274234306799e-13
5.631952082490341413e-13
5.727684598811931468e-13
5.688865256910234987e-13
3.064652219984990490e-12
3.005225794275868572e-10
5.678981875764093927e-13
5.616838122182141039e-13
5.769603087283716239e-13
6.602878817392971832e-11
5.604902949719838980e-13
5.698478274234306799e-13
5.698509162934789274e-13
5.595810028436886147e-13
5.688865256910234987e-13
5.650839853188473387e-13
5.586561122587118011e-13
5.678981875764093927e-13
1.074655501499744866e-11
6.602878817392971832e-11
5.631952082490341413e-13
5.568941201792910730e-13
5.698509162934789274e-13
5.560358151985053221e-13
5.650839853188473387e-13
5.551539127764154971e-13
5.641517546524809649e-13
5.542555091451603501e-13
5.631952082490341413e-13
5.595810028436886147e-13
1.016032541774626415e-11
3.064652219984990490e-12
5.528685033822980941e-13
5.616838122182141039e-13
5.517375520947983780e-13
1.074655501499744866e-11
5.604902949719838980e-13
5.568941201792910730e-13
5.508908029836214314e-13
5.595810028436886147e-13
5.500252345143310672e-13
5.560358151985053221e-13
5.586561122587118011e-13
5.551539127764154971e-13
3.163983248456675930e-12
1.074655501499744866e-11
5.482805233204849541e-13
5.568941201792910730e-13
1.016032541774626415e-11
5.560358151985053221e-13
5.467546433045800246e-13
5.551539127764154971e-13
5.517375520947983780e-13
5.459167173440624430e-13
5.542555091451603501e-13
4.861194463141189820e-11
5.508908029836214314e-13
1.016032541774626415e-11
5.500252345143310672e-13
5.442205268789116582e-13
5.435474709898588823e-13
5.528685033822980941e-13
3.163983248456675930e-12
5.427554223308559684e-13
5.482805233204849541e-13
5.517375520947983780e-13
5.419466910657145361e-13
5.475772420358643729e-13
5.508908029836214314e-13
1.555083697244758223e-10
5.467546433045800246e-13
5.500252345143310672e-13
5.422441165781965834e-13
5.459167173440624430e-13
3.163983248456675930e-12
5.396520478395394442e-13
4.861194463141189820e-11
5.482805233204849541e-13
5.388857940255559898e-13
5.442205268789116582e-13
5.475772420358643729e-13
5.435474709898588823e-13
5.381081710130829222e-13
5.467546433045800246e-13
5.427554223308559684e-13
5.376169655361188278e-13
5.459167173440624430e-13
5.419466910657145361e-13
5.365176546269402506e-13
4.861194463141189820e-11
1.555083697244758223e-10
5.358336400373079972e-13
5.442205268789116582e-13
5.422441165781965834e-13
5.351222556704948886e-13
5.435474709898588823e-13
5.396520478395394442e-13
5.343695272923029695e-13
5.427554223308559684e-13
5.388857940255559898e-13
5.336924462465907470e-13
5.419466910657145361e-13
5.381081710130829222e-13
1.555083697244758223e-10
5.321422903319856083e-13
5.422441165781965834e-13
5.365176546269402506e-13
5.314643310523242460e-13
5.396520478395394442e-13
5.358336400373079972e-13
5.307319780863669013e-13
5.388857940255559898e-13
5.351222556704948886e-13
5.575787184338820041e-13
5.381081710130829222e-13
5.343695272923029695e-13
5.571005627379537106e-13
5.376169655361188278e-13
5.336924462465907470e-13
5.285865105019998358e-13
5.365176546269402506e-13
5.279098595603726080e-13
5.990137906580654709e-13
5.358336400373079972e-13
5.321422903319856083e-13
5.271944720556025021e-13
5.351222556704948886e-13
5.314643310523242460e-13
1.393462110757164225e-10
5.343695272923029695e-13
5.307319780863669013e-13
5.259319097165100312e-13
5.336924462465907470e-13
5.575787184338820041e-13
5.251421901265497419e-13
5.990137906580654709e-13
5.571005627379537106e-13
5.244514553419331843e-13
5.321422903319856083e-13
5.285865105019998358e-13
5.237505651944596484e-13
5.314643310523242460e-13
5.279098595603726080e-13
8.213182204735958584e-13
5.307319780863669013e-13
5.228721117432988513e-13
5.271944720556025021e-13
5.575787184338820041e-13
1.393462110757164225e-10
5.217592927949325255e-13
5.571005627379537106e-13
5.210885570914303220e-13
5.285865105019998358e-13
5.251421901265497419e-13
5.244514553419331843e-13
7.405765982827792250e-13
5.279098595603726080e-13
5.237505651944596484e-13
5.191819689067800496e-13
5.271944720556025021e-13
8.213182204735958584e-13
5.184732642708772443e-13
1.393462110757164225e-10
5.228721117432988513e-13
5.178137664379258275e-13
5.259319097165100312e-13
2.991968283529527611e-10
5.217592927949325255e-13
5.251421901265497419e-13
5.210885570914303220e-13
5.213248711067589639e-13
5.244514553419331843e-13
5.204127312493768502e-13
5.159088705197485011e-13
5.237505651944596484e-13
7.405765982827792250e-13
5.152717512700154543e-13
8.213182204735958584e-13
5.191819689067800496e-13
5.146233572967909069e-13
5.228721117432988513e-13
5.184732642708772443e-13
3.082255139312868756e-12
5.217592927949325255e-13
5.178137664379258275e-13
5.132539448130156554e-13
5.210885570914303220e-13
2.991968283529527611e-10
5.127778112919434196e-13
5.204127312493768502e-13
5.213248711067589639e-13
5.121535629242727001e-13
7.405765982827792250e-13
5.159088705197485011e-13
5.115520719732976333e-13
5.191819689067800496e-13
5.152717512700154543e-13
5.285463177984649195e-13
5.184732642708772443e-13
5.146233572967909069e-13
5.103073849026547749e-13
5.178137664379258275e-13
3.082255139312868756e-12
5.097239898400613914e-13
2.991968283529527611e-10
5.132539448130156554e-13
5.091103051390565663e-13
5.213248711067589639e-13
5.127778112919434196e-13
2.851843450932718117e-10
5.159088705197485011e-13
5.085878053256910994e-13
5.121535629242727001e-13
5.152717512700154543e-13
5.115520719732976333e-13
5.073566730231958255e-13
5.146233572967909069e-13
5.067666622669259715e-13
3.082255139312868756e-12
5.103073849026547749e-13
5.061718765566542765e-13
5.132539448130156554e-13
5.097239898400613914e-13
5.054215252853954392e-13
5.127778112919434196e-13
5.091103051390565663e-13
5.744704289461832699e-13
5.121535629242727001e-13
2.851843450932718117e-10
5.044160152361956352e-13
5.115520719732976333e-13
5.085878053256910994e-13
5.038793086623733756e-13
5.285463177984649195e-13
5.033020654336045901e-13
5.073566730231958255e-13
5.103073849026547749e-13
5.067666622669259715e-13
5.027140247945274944e-13
5.097239898400613914e-13
5.061718765566542765e-13
6.844854067843731335e-13
5.091103051390565663e-13
5.054215252853954392e-13
5.015521697356309952e-13
2.851843450932718117e-10
5.744704289461832699e-13
5.010545600043320531e-13
5.085878053256910994e-13
5.044160152361956352e-13
5.004908676381673916e-13
5.073566730231958255e-13
5.038793086623733756e-13
4.999284947097766047e-13
5.067666622669259715e-13
5.033020654336045901e-13
5.055515212182792505e-13
5.061718765566542765e-13
4.988159569332566156e-13
5.027140247945274944e-13
5.054215252853954392e-13
6.844854067843731335e-13
4.982922625574608643e-13
5.744704289461832699e-13
5.015521697356309952e-13
4.977389804935666298e-13
5.044160152361956352e-13
5.023657995396599617e-13
5.010545600043320531e-13
5.038793086623733756e-13
5.004908676381673916e-13
5.035903681166612564e-13
5.033020654336045901e-13
4.999284947097766047e-13
4.961538467891126218e-13
5.027140247945274944e-13
5.055515212182792505e-13
4.955935938945552305e-13
6.844854067843731335e-13
4.988159569332566156e-13
4.950509997049767930e-13
5.015521697356309952e-13
3.776682665837243562e-12
4.982922625574608643e-13
5.010545600043320531e-13
4.977389804935666298e-13
4.960203089702335437e-13
5.004908676381673916e-13
5.023657995396599617e-13
4.934605888222887357e-13
4.999284947097766047e-13
5.035903681166612564e-13
4.929613512913434647e-13
5.055515212182792505e-13
4.961538467891126218e-13
4.924324161243558031e-13
4.988159569332566156e-13
4.955935938945552305e-13
5.134908413315882883e-13
4.982922625574608643e-13
4.950509997049767930e-13
5.232863555035000940e-13
4.977389804935666298e-13
3.776682665837243562e-12
4.908948475429464387e-13
5.023657995396599617e-13
4.960203089702335437e-13
4.903812374867264210e-13
5.035903681166612564e-13
4.934605888222887357e-13
4.898627569420955870e-13
4.961538467891126218e-13
4.929613512913434647e-13
8.954390057368382528e-12
4.955935938945552305e-13
4.924324161243558031e-13
5.067979089372640636e-13
4.950509997049767930e-13
5.134908413315882883e-13
4.883537856056444164e-13
3.776682665837243562e-12
5.232863555035000940e-13
4.878526237533022867e-13
4.960203089702335437e-13
4.908948475429464387e-13
4.873419941485627825e-13
4.934605888222887357e-13
5.867106346927768428e-11
4.903812374867264210e-13
4.929613512913434647e-13
4.898627569420955870e-13
4.866598088300910954e-13
4.924324161243558031e-13
8.954390057368382528e-12
4.858590495357375794e-13
5.134908413315882883e-13
5.067979089372640636e-13
4.853727287750223355e-13
5.232863555035000940e-13
4.883537856056444164e-13
4.848682051898864653e-13
4.908948475429464387e-13
4.878526237533022867e-13
6.254495355534803004e-13
4.903812374867264210e-13
4.873419941485627825e-13
4.837660753284529271e-13
4.898627569420955870e-13
5.867106346927768428e-11
4.834265651739148724e-13
8.954390057368382528e-12
4.829404760439438692e-13
5.067979089372640636e-13
4.858590495357375794e-13
4.835047473911809207e-13
4.883537856056444164e-13
4.853727287750223355e-13
5.339254199992145919e-13
4.878526237533022867e-13
4.848682051898864653e-13
4.815083333460544485e-13
4.873419941485627825e-13
6.254495355534803004e-13
4.810346503540999244e-13
5.867106346927768428e-11
4.837660753284529271e-13
4.805526823535826709e-13
4.866598088300910954e-13
4.834265651739148724e-13
7.092548977233152100e-12
4.858590495357375794e-13
4.829404760439438692e-13
4.804544384214387869e-13
4.853727287750223355e-13
4.835047473911809207e-13
4.791539815287236259e-13
4.848682051898864653e-13
5.339254199992145919e-13
4.786875505547015959e-13
6.254495355534803004e-13
4.815083333460544485e-13
4.782101757014146657e-13
4.837660753284529271e-13
4.810346503540999244e-13
9.986790334084399486e-13
4.834265651739148724e-13
4.805526823535826709e-13
4.773613892094267867e-13
4.829404760439438692e-13
7.092548977233152100e-12
4.768432641509435322e-13
4.835047473911809207e-13
4.804544384214387869e-13
4.763807066573894198e-13
5.339254199992145919e-13
4.791539815287236259e-13
1.700085448511583320e-10
4.815083333460544485e-13
4.786875505547015959e-13
4.825881123952453175e-13
4.810346503540999244e-13
4.782101757014146657e-13
4.750133359576455331e-13
4.805526823535826709e-13
9.986790334084399486e-13
4.745734722986638467e-13
7.092548977233152100e-12
4.773613892094267867e-13
4.741124949304364255e-13
4.804544384214387869e-13
4.768432641509435322e-13
1.922352111861898608e-12
4.791539815287236259e-13
4.763807066573894198e-13
4.735377748512962587e-13
1.700085448511583320e-10
4.786875505547015959e-13
4.727884339261183568e-13
4.782101757014146657e-13
4.723412905215838670e-13
4.825881123952453175e-13
9.986790334084399486e-13
4.750133359576455331e-13
6.076961027189369138e-13
4.773613892094267867e-13
4.745734722986638467e-13
5.037616526829392228e-13
4.768432641509435322e-13
4.710006914258853237e-13
4.763807066573894198e-13
1.922352111861898608e-12
4.705915065340469544e-13
1.700085448511583320e-10
4.735377748512962587e-13
4.701476511716132150e-13
4.825881123952453175e-13
9.362679505467542236e-12
4.750133359576455331e-13
4.723412905215838670e-13
4.691059852100146064e-13
4.745734722986638467e-13
4.688620347061175583e-13
6.076961027189369138e-13
4.741124949304364255e-13
5.037616526829392228e-13
4.684328339132781972e-13
1.922352111861898608e-12
4.710006914258853237e-13
4.679937580186309514e-13
4.735377748512962587e-13
4.705915065340469544e-13
1.005025804494487685e-12
4.727884339261183568e-13
4.671539040477551275e-13
4.723412905215838670e-13
4.667339066284364476e-13
4.691059852100146064e-13
4.663076124423047523e-13
6.076961027189369138e-13
4.688620347061175583e-13
4.700738259977169640e-13
5.037616526829392228e-13
4.656835575949476365e-13
4.710006914258853237e-13
4.684328339132781972e-13
4.705915065340469544e-13
4.679937580186309514e-13
4.650909411459302468e-13
1.005025804494487685e-12
4.701476511716132150e-13
4.646502449014853783e-13
4.671539040477551275e-13
9.362679505467542236e-12
4.642338245528982955e-13
4.667339066284364476e-13
4.691059852100146064e-13
4.638082721774368329e-13
4.663076124423047523e-13
4.688620347061175583e-13
8.727797158978401334e-13
4.700738259977169640e-13
4.630403488856975592e-13
4.684328339132781972e-13
4.656835575949476365e-13
4.625986790111145172e-13
4.679937580186309514e-13
4.650909411459302468e-13
1.005025804494487685e-12
4.621909160892472388e-13
4.646502449014853783e-13
4.671539040477551275e-13
4.617715589015531515e-13
4.642338245528982955e-13
4.667339066284364476e-13
4.614947927809119955e-13
4.638082721774368329e-13
4.663076124423047523e-13
4.608314328513138099e-13
8.727797158978401334e-13
4.605735253686162385e-13
4.630403488856975592e-13
4.601734746415428504e-13
4.656835575949476365e-13
4.625986790111145172e-13
4.597607423209805422e-13
4.650909411459302468e-13
4.621909160892472388e-13
3.514061701015086164e-12
4.646502449014853783e-13
4.617715589015531515e-13
4.592608034622999222e-13
4.642338245528982955e-13
4.614947927809119955e-13
4.585829891580296770e-13
4.638082721774368329e-13
4.608314328513138099e-13
4.581901011394892027e-13
8.727797158978401334e-13
4.605735253686162385e-13
4.577854183150560667e-13
4.630403488856975592e-13
4.601734746415428504e-13
4.600408050827730184e-13
4.625986790111145172e-13
4.597607423209805422e-13
4.576237759388699690e-13
4.621909160892472388e-13
3.514061701015086164e-12
4.566162336021310591e-13
4.617715589015531515e-13
4.592608034622999222e-13
4.562309708125122732e-13
4.614947927809119955e-13
4.585829891580296770e-13
4.558318811643967656e-13
4.608314328513138099e-13
4.581901011394892027e-13
1.051746597253607989e-12
4.605735253686162385e-13
4.577854183150560667e-13
4.548612584905405253e-13
4.601734746415428504e-13
4.600408050827730184e-13
4.546788809381075693e-13
4.597607423209805422e-13
4.576237759388699690e-13
4.542977281465184029e-13
3.514061701015086164e-12
4.566162336021310591e-13
4.539031298560456772e-13
4.592608034622999222e-13
4.562309708125122732e-13
1.778847208069968843e-12
4.585829891580296770e-13
4.558318811643967656e-13
4.530552439232683587e-13
4.581901011394892027e-13
1.051746597253607989e-12
4.527702029613001434e-13
4.577854183150560667e-13
4.548612584905405253e-13
4.523893855532659751e-13
4.600408050827730184e-13
4.546788809381075693e-13
4.520466786924042769e-13
4.576237759388699690e-13
4.542977281465184029e-13
6.163177753511909504e-13
4.566162336021310591e-13
4.539031298560456772e-13
4.512199872982732090e-13
4.562309708125122732e-13
1.778847208069968843e-12
4.508823760589274499e-13
4.558318811643967656e-13
4.530552439232683587e-13
4.505040507541545739e-13
1.051746597253607989e-12
3.143850810326953317e-10
4.548612584905405253e-13
4.601131398863802608e-13
4.546788809381075693e-13
4.520466786924042769e-13
4.542977281465184029e-13
4.490190426909427413e-13
4.539031298560456772e-13
4.486412291553423071e-13
1.778847208069968843e-12
4.862882278380364526e-12
4.530552439232683587e-13
4.477065742906312422e-13
4.527702029613001434e-13
4.475458544254379602e-13
3.143850810326953317e-10
4.523893855532659751e-13
4.601131398863802608e-13
4.471806943432682490e-13
4.520466786924042769e-13
4.493746942225709659e-13
4.468067682932104530e-13
6.163177753511909504e-13
4.490190426909427413e-13
1.067776120951045519e-12
4.512199872982732090e-13
4.486412291553423071e-13
4.460228009208418054e-13
4.508823760589274499e-13
4.862882278380364526e-12
4.457261597529361808e-13
4.505040507541545739e-13
4.477065742906312422e-13
4.453629964647867716e-13
3.143850810326953317e-10
4.475458544254379602e-13
9.544907217730899933e-13
4.601131398863802608e-13
4.449504549902962661e-13
4.471806943432682490e-13
4.493746942225709659e-13
4.468067682932104530e-13
4.443069695873934144e-13
4.490190426909427413e-13
4.439296132465026704e-13
4.486412291553423071e-13
4.460228009208418054e-13
4.435665404102886410e-13
4.862882278380364526e-12
4.457261597529361808e-13
1.811416024239925563e-11
4.477065742906312422e-13
4.453629964647867716e-13
4.428053769505545533e-13
4.475458544254379602e-13
9.544907217730899933e-13
4.425036152422481216e-13
4.471806943432682490e-13
4.449504549902962661e-13
4.421517117835231723e-13
4.468067682932104530e-13
4.417920990305003269e-13
4.443069695873934144e-13
1.067776120951045519e-12
4.439296132465026704e-13
5.301596914942413713e-13
4.460228009208418054e-13
4.410426586718564705e-13
4.457261597529361808e-13
1.811416024239925563e-11
4.453629964647867716e-13
4.403956471152275406e-13
9.544907217730899933e-13
4.425036152422481216e-13
1.419432443755317845e-12
4.449504549902962661e-13
4.547639153676313266e-13
4.443069695873934144e-13
4.393262443279357657e-13
4.439296132465026704e-13
4.390088458131661152e-13
5.301596914942413713e-13
4.435665404102886410e-13
4.410426586718564705e-13
1.811416024239925563e-11
4.509208916276520256e-13
4.407468578845242060e-13
4.428053769505545533e-13
4.387546426711400212e-13
4.425036152422481216e-13
4.376317599309776853e-13
4.421517117835231723e-13
4.547639153676313266e-13
4.372882175391612451e-13
4.417920990305003269e-13
4.393262443279357657e-13
5.301596914942413713e-13
9.162502209291959981e-13
4.390088458131661152e-13
4.410426586718564705e-13
4.386579191982745700e-13
4.361897540917791965e-13
4.407468578845242060e-13
4.509208916276520256e-13
4.359313877198056123e-13
4.403956471152275406e-13
4.387546426711400212e-13
4.355957038712506279e-13
1.419432443755317845e-12
4.352486823685101855e-13
4.547639153676313266e-13
7.424415338913076435e-13
4.393262443279357657e-13
4.346005459816104544e-13
4.390088458131661152e-13
4.342504171021545205e-13
4.386579191982745700e-13
4.339181185943507079e-13
4.361897540917791965e-13
4.509208916276520256e-13
4.359313877198056123e-13
4.335762241290612586e-13
4.387546426711400212e-13
4.355957038712506279e-13
5.058223169531149950e-13
4.376317599309776853e-13
4.352486823685101855e-13
4.329511375479033079e-13
4.372882175391612451e-13
7.424415338913076435e-13
4.325880445406757741e-13
4.369362062094115896e-13
4.346005459816104544e-13
4.322559253144623612e-13
9.162502209291959981e-13
4.342504171021545205e-13
4.318518270954033012e-13
4.361897540917791965e-13
4.339181185943507079e-13
4.945928162284152570e-13
4.359313877198056123e-13
4.312414131123305920e-13
4.335762241290612586e-13
4.355957038712506279e-13
5.058223169531149950e-13
4.352486823685101855e-13
4.306154562912685468e-13
4.329511375479033079e-13
7.424415338913076435e-13
4.325880445406757741e-13
4.303282162711732340e-13
4.346005459816104544e-13
4.322559253144623612e-13
4.777431065879894292e-13
4.342504171021545205e-13
4.295917384027730596e-13
4.339181185943507079e-13
4.945928162284152570e-13
4.293139906568666452e-13
4.335762241290612586e-13
4.312414131123305920e-13
4.289891201754472895e-13
5.058223169531149950e-13
4.285715696132724831e-13
4.309432186506951293e-13
4.329511375479033079e-13
4.306154562912685468e-13
4.410518169307822580e-13
4.325880445406757741e-13
4.303282162711732340e-13
4.279744151992932622e-13
4.322559253144623612e-13
4.777431065879894292e-13
4.277005618496197081e-13
4.318518270954033012e-13
4.295917384027730596e-13
4.273772759977786719e-13
4.945928162284152570e-13
4.293139906568666452e-13
4.420403955752059736e-11
4.312414131123305920e-13
4.289891201754472895e-13
4.289016048731376133e-13
4.309432186506951293e-13
4.285715696132724831e-13
4.264057036271740505e-13
4.306154562912685468e-13
4.410518169307822580e-13
4.261011149473391592e-13
4.303282162711732340e-13
4.279744151992932622e-13
4.257783790300938692e-13
4.777431065879894292e-13
4.277005618496197081e-13
2.128152871311723644e-11
4.295917384027730596e-13
4.273772759977786719e-13
4.268483440140609991e-13
4.293139906568666452e-13
4.420403955752059736e-11
4.248338786282620417e-13
4.289891201754472895e-13
4.289016048731376133e-13
4.245160507525895446e-13
4.285715696132724831e-13
4.264057036271740505e-13
4.241929572887771120e-13
4.410518169307822580e-13
8.268517304222180311e-13
4.261011149473391592e-13
4.279744151992932622e-13
4.257783790300938692e-13
4.237550617118339800e-13
4.277005618496197081e-13
2.128152871311723644e-11
4.232575677849913932e-13
4.273772759977786719e-13
4.268483440140609991e-13
4.229436217520439073e-13
4.420403955752059736e-11
4.248338786282620417e-13
5.034197855056968944e-13
4.289016048731376133e-13
4.245160507525895446e-13
4.579179611760011677e-13
4.264057036271740505e-13
4.241929572887771120e-13
4.219956072111681777e-13
8.268517304222180311e-13
4.261011149473391592e-13
4.216993915342578028e-13
4.257783790300938692e-13
4.237550617118339800e-13
4.213853156469473036e-13
2.128152871311723644e-11
4.232575677849913932e-13
5.404958344318803677e-13
4.268483440140609991e-13
4.229436217520439073e-13
4.210467155185037581e-13
4.248338786282620417e-13
5.034197855056968944e-13
4.204640551696008193e-13
4.579179611760011677e-13
4.245160507525895446e-13
4.201534852328082309e-13
4.219956072111681777e-13
4.241929572887771120e-13
4.198394567747136664e-13
4.216993915342578028e-13
8.268517304222180311e-13
9.581914109475635288e-13
4.213853156469473036e-13
4.191064451600392497e-13
4.237550617118339800e-13
5.404958344318803677e-13
4.189295308597053951e-13
4.232575677849913932e-13
4.210467155185037581e-13
4.229436217520439073e-13
4.204640551696008193e-13
4.183571301803024986e-13
5.034197855056968944e-13
4.201534852328082309e-13
5.602157502230282498e-13
4.579179611760011677e-13
4.198394567747136664e-13
4.176479499608435403e-13
4.219956072111681777e-13
9.581914109475635288e-13
4.174141320073612954e-13
4.216993915342578028e-13
4.191064451600392497e-13
4.171119989619123330e-13
4.213853156469473036e-13
4.189295308597053951e-13
4.167602249164934433e-13
5.404958344318803677e-13
4.186243096380827654e-13
4.745890999247940006e-13
4.210467155185037581e-13
4.183571301803024986e-13
4.162754242272558930e-13
4.204640551696008193e-13
5.602157502230282498e-13
4.159108734067650110e-13
4.201534852328082309e-13
4.176479499608435403e-13
4.156116910919976281e-13
4.198394567747136664e-13
4.174141320073612954e-13
4.151448446976945324e-13
9.581914109475635288e-13
4.171119989619123330e-13
4.229903015479653910e-13
4.191064451600392497e-13
4.167602249164934433e-13
4.147640782687210393e-13
4.189295308597053951e-13
4.144198050729906048e-13
4.745890999247940006e-13
4.186243096380827654e-13
4.162754242272558930e-13
4.141211171452359327e-13
4.183571301803024986e-13
4.159108734067650110e-13
1.215054038872962162e-12
5.602157502230282498e-13
4.156116910919976281e-13
4.132939904512108178e-13
4.176479499608435403e-13
4.151448446976945324e-13
4.132051337348166124e-13
4.174141320073612954e-13
4.229903015479653910e-13
4.129418721640897039e-13
4.171119989619123330e-13
4.147640782687210393e-13
4.126456229386239209e-13
4.167602249164934433e-13
4.144198050729906048e-13
8.707318833407105720e-12
4.745890999247940006e-13
4.123715559274769866e-13
4.141211171452359327e-13
4.162754242272558930e-13
1.215054038872962162e-12
4.117749371516112504e-13
4.159108734067650110e-13
4.132939904512108178e-13
4.114764318087115710e-13
4.156116910919976281e-13
4.132051337348166124e-13
4.111826221316532523e-13
4.151448446976945324e-13
4.129418721640897039e-13
8.677272458432149314e-11
4.229903015479653910e-13
4.126456229386239209e-13
4.230903022117656344e-13
4.147640782687210393e-13
8.707318833407105720e-12
4.103095007079780093e-13
4.144198050729906048e-13
4.123715559274769866e-13
4.100216262509366300e-13
4.141211171452359327e-13
4.097287525730047665e-13
4.117749371516112504e-13
1.215054038872962162e-12
4.114764318087115710e-13
1.024622375985481301e-11
4.132939904512108178e-13
4.111826221316532523e-13
4.122811870796790720e-13
4.132051337348166124e-13
8.677272458432149314e-11
4.088522601992589862e-13
4.129418721640897039e-13
4.230903022117656344e-13
4.085774338806313418e-13
4.126456229386239209e-13
4.103095007079780093e-13
4.082853346834621357e-13
8.707318833407105720e-12
4.100216262509366300e-13
9.622927037896547457e-12
4.123715559274769866e-13
4.097287525730047665e-13
4.083096798004085086e-13
4.117749371516112504e-13
1.024622375985481301e-11
4.074266672128893621e-13
4.114764318087115710e-13
4.122811870796790720e-13
4.071449930145995039e-13
4.111826221316532523e-13
4.088522601992589862e-13
4.068539492856136089e-13
8.677272458432149314e-11
4.085774338806313418e-13
1.278294214701923900e-12
4.230903022117656344e-13
4.082853346834621357e-13
4.064844325629377158e-13
4.103095007079780093e-13
9.622927037896547457e-12
4.060064299617658710e-13
4.100216262509366300e-13
4.083096798004085086e-13
4.057235830417416767e-13
4.097287525730047665e-13
4.054332934196481287e-13
4.074266672128893621e-13
1.024622375985481301e-11
4.071449930145995039e-13
1.323641590299376204e-12
4.122811870796790720e-13
4.068539492856136089e-13
4.049106753611396381e-13
4.088522601992589862e-13
1.278294214701923900e-12
4.045948396267093866e-13
4.085774338806313418e-13
4.064844325629377158e-13
4.043161546220164563e-13
4.082853346834621357e-13
4.060064299617658710e-13
4.040288204006495860e-13
9.622927037896547457e-12
4.057235830417416767e-13
1.868839393391102362e-12
4.083096798004085086e-13
4.054332934196481287e-13
4.033351903698916491e-13
4.074266672128893621e-13
4.031945062025819095e-13
4.071449930145995039e-13
4.049106753611396381e-13
4.029165473790115774e-13
4.068539492856136089e-13
4.045948396267093866e-13
4.026293150884755093e-13
1.278294214701923900e-12
4.043161546220164563e-13
5.792529608348919643e-13
4.064844325629377158e-13
4.040288204006495860e-13
4.019853906909776013e-13
4.060064299617658710e-13
1.868839393391102362e-12
4.018033887893666702e-13
4.057235830417416767e-13
4.033351903698916491e-13
4.015269265969676927e-13
4.054332934196481287e-13
4.031945062025819095e-13
4.011867788291767634e-13
1.323641590299376204e-12
4.029165473790115774e-13
4.188713480651120955e-13
4.049106753611396381e-13
4.026293150884755093e-13
4.006266309768504664e-13
4.045948396267093866e-13
5.792529608348919643e-13
4.004209751890523023e-13
4.043161546220164563e-13
4.019853906909776013e-13
4.001453382830968951e-13
4.040288204006495860e-13
4.018033887893666702e-13
7.607928457356888216e-13
1.868839393391102362e-12
4.015269265969676927e-13
4.031910164770654024e-13
4.033351903698916491e-13
4.011867788291767634e-13
3.992903208604939697e-13
4.031945062025819095e-13
4.188713480651120955e-13
3.990517944485737945e-13
4.029165473790115774e-13
4.006266309768504664e-13
3.987782201410073198e-13
4.026293150884755093e-13
4.004209751890523023e-13
8.371484146873847339e-13
5.792529608348919643e-13
4.001453382830968951e-13
4.170946892535460802e-13
4.019853906909776013e-13
7.607928457356888216e-13
3.979315885740621775e-13
4.018033887893666702e-13
4.031910164770654024e-13
3.976906899782916679e-13
4.015269265969676927e-13
3.992903208604939697e-13
3.974177131079067443e-13
4.011867788291767634e-13
3.990517944485737945e-13
9.281444274699570713e-11
4.188713480651120955e-13
3.987782201410073198e-13
4.040189168440010934e-13
4.006266309768504664e-13
8.371484146873847339e-13
3.966184083407037634e-13
4.004209751890523023e-13
4.170946892535460802e-13
3.963426455881608853e-13
4.001453382830968951e-13
3.979315885740621775e-13
3.960733641155106156e-13
7.607928457356888216e-13
3.976906899782916679e-13
3.955763703979684889e-13
4.031910164770654024e-13
3.974177131079067443e-13
4.536022477524321280e-13
3.992903208604939697e-13
9.281444274699570713e-11
3.953046812772093329e-13
3.990517944485737945e-13
4.040189168440010934e-13
3.950019104012289494e-13
3.987782201410073198e-13
3.966184083407037634e-13
3.947357996933236877e-13
8.371484146873847339e-13
3.963426455881608853e-13
3.945010952498009934e-13
4.170946892535460802e-13
3.960733641155106156e-13
4.259347041375286671e-13
3.979315885740621775e-13
3.955763703979684889e-13
3.938644463480213184e-13
3.976906899782916679e-13
4.536022477524321280e-13
3.936700769259700693e-13
3.974177131079067443e-13
3.953046812772093329e-13
3.934052720612107392e-13
9.281444274699570713e-11
3.950019104012289494e-13
3.933264083051574915e-13
4.040189168440010934e-13
3.947357996933236877e-13
4.080103065841708401e-13
3.966184083407037634e-13
3.945010952498009934e-13
3.925482015017334263e-13
3.963426455881608853e-13
4.259347041375286671e-13
3.923453914409854562e-13
3.960733641155106156e-13
3.938644463480213184e-13
3.920814526979401017e-13
3.955763703979684889e-13
3.936700769259700693e-13
2.251029540495519162e-12
4.536022477524321280e-13
3.934052720612107392e-13
3.918068169677255773e-13
3.953046812772093329e-13
3.933264083051574915e-13
3.912662388468447224e-13
3.950019104012289494e-13
4.080103065841708401e-13
3.910301451596252027e-13
3.947357996933236877e-13
3.925482015017334263e-13
3.907659663092828429e-13
3.945010952498009934e-13
3.923453914409854562e-13
3.374293302478271688e-11
4.259347041375286671e-13
3.920814526979401017e-13
3.933903107105368473e-13
3.938644463480213184e-13
2.251029540495519162e-12
3.899792861470027379e-13
3.936700769259700693e-13
3.918068169677255773e-13
3.897220367305100292e-13
3.934052720612107392e-13
3.912662388468447224e-13
3.894576006754326696e-13
3.933264083051574915e-13
3.910301451596252027e-13
4.275512983124680689e-13
4.080103065841708401e-13
3.907659663092828429e-13
3.888199603596356639e-13
3.925482015017334263e-13
3.374293302478271688e-11
3.886801977488762590e-13
3.923453914409854562e-13
3.933903107105368473e-13
3.884232170588125416e-13
3.920814526979401017e-13
3.899792861470027379e-13
3.881595552644160473e-13
2.251029540495519162e-12
3.897220367305100292e-13
1.147347192030381726e-12
3.918068169677255773e-13
3.894576006754326696e-13
3.876174994678681981e-13
3.912662388468447224e-13
4.275512983124680689e-13
3.873882075273900215e-13
3.910301451596252027e-13
3.888199603596356639e-13
3.871326686094040982e-13
3.907659663092828429e-13
3.886801977488762590e-13
3.869045741764184741e-13
3.374293302478271688e-11
3.884232170588125416e-13
4.064996528149452377e-13
3.933903107105368473e-13
3.881595552644160473e-13
3.863574625813963402e-13
3.899792861470027379e-13
1.147347192030381726e-12
3.861061600448843855e-13
3.897220367305100292e-13
3.876174994678681981e-13
3.858519010149514729e-13
3.894576006754326696e-13
3.873882075273900215e-13
3.853996434871979945e-13
4.275512983124680689e-13
3.871326686094040982e-13
4.040081079846176157e-13
3.888199603596356639e-13
3.869045741764184741e-13
3.850571637700308224e-13
3.886801977488762590e-13
4.064996528149452377e-13
3.848321366941518615e-13
3.884232170588125416e-13
3.863574625813963402e-13
3.845772781521869559e-13
3.881595552644160473e-13
3.861061600448843855e-13
2.744684221031934861e-10
1.147347192030381726e-12
3.858519010149514729e-13
3.899870651663803618e-13
3.876174994678681981e-13
3.853996434871979945e-13
3.838273058322137123e-13
3.873882075273900215e-13
4.040081079846176157e-13
3.835642541897032383e-13
3.871326686094040982e-13
3.850571637700308224e-13
3.833088535509592957e-13
3.869045741764184741e-13
3.848321366941518615e-13
2.273673589545559893e-12
4.064996528149452377e-13
3.845772781521869559e-13
3.826063804878410177e-13
3.863574625813963402e-13
3.825492378924690135e-13
2.744684221031934861e-10
3.861061600448843855e-13
3.899870651663803618e-13
3.823028732127644479e-13
3.858519010149514729e-13
3.838273058322137123e-13
3.820350016800981818e-13
3.853996434871979945e-13
3.835642541897032383e-13
3.985929439983164028e-13
4.040081079846176157e-13
3.833088535509592957e-13
3.814584911122781537e-13
3.850571637700308224e-13
2.273673589545559893e-12
3.812986137331553518e-13
3.848321366941518615e-13
3.826063804878410177e-13
3.810487135613451153e-13
3.845772781521869559e-13
3.825492378924690135e-13
8.164431412828288947e-11
2.744684221031934861e-10
3.823028732127644479e-13
3.855943967922308857e-13
3.899870651663803618e-13
3.820350016800981818e-13
3.802812052390812990e-13
3.838273058322137123e-13
3.985929439983164028e-13
3.800541912471303208e-13
3.835642541897032383e-13
3.814584911122781537e-13
3.798041917573262006e-13
3.833088535509592957e-13
3.812986137331553518e-13
4.023414821084574333e-11
2.273673589545559893e-12
3.806151346336053323e-13
3.826063804878410177e-13
8.164431412828288947e-11
3.790607910350233972e-13
3.825492378924690135e-13
3.788156080740593003e-13
3.855943967922308857e-13
3.823028732127644479e-13
3.802812052390812990e-13
3.785649584798466282e-13
3.820350016800981818e-13
3.800541912471303208e-13
6.160556444775470630e-13
3.985929439983164028e-13
3.798041917573262006e-13
3.779005129275179076e-13
3.814584911122781537e-13
4.023414821084574333e-11
3.812986137331553518e-13
3.806151346336053323e-13
3.775851871203030541e-13
3.810487135613451153e-13
3.790607910350233972e-13
3.773074751600841784e-13
8.164431412828288947e-11
5.782213672174837478e-13
3.855943967922308857e-13
3.768035996974508938e-13
3.785649584798466282e-13
3.802812052390812990e-13
6.160556444775470630e-13
3.766052136524024029e-13
3.800541912471303208e-13
3.779005129275179076e-13
3.763623965516817800e-13
3.798041917573262006e-13
3.778298180255596856e-13
3.795829066419349215e-13
4.023414821084574333e-11
3.775851871203030541e-13
4.277841705675044297e-13
3.806151346336053323e-13
3.773074751600841784e-13
3.756003776841619596e-13
3.790607910350233972e-13
5.782213672174837478e-13
3.753910450212128472e-13
3.788156080740593003e-13
3.768035996974508938e-13
3.751496240528618484e-13
3.785649584798466282e-13
3.858307732113051037e-13
3.766052136524024029e-13
6.160556444775470630e-13
3.763623965516817800e-13
3.953975351701707341e-13
3.779005129275179076e-13
3.795829066419349215e-13
3.743903413090894514e-13
3.778298180255596856e-13
4.277841705675044297e-13
3.741831135951581074e-13
3.775851871203030541e-13
3.756003776841619596e-13
3.739424816582158421e-13
3.773074751600841784e-13
3.753910450212128472e-13
6.523057930653873483e-13
5.782213672174837478e-13
3.751496240528618484e-13
3.749504540496915872e-13
3.768035996974508938e-13
3.858307732113051037e-13
3.732248338654908344e-13
3.766052136524024029e-13
3.953975351701707341e-13
3.729845667149548019e-13
3.763623965516817800e-13
3.743903413090894514e-13
3.727459839905891727e-13
3.795829066419349215e-13
3.741831135951581074e-13
3.724754532573845871e-13
4.277841705675044297e-13
3.739424816582158421e-13
4.086870423852257593e-13
3.756003776841619596e-13
6.523057930653873483e-13
3.720355925860201379e-13
3.753910450212128472e-13
3.749504540496915872e-13
3.717936635399148840e-13
3.751496240528618484e-13
3.732248338654908344e-13
3.715606250952103276e-13
3.858307732113051037e-13
3.713196247946431866e-13
3.729845667149548019e-13
3.953975351701707341e-13
3.727459839905891727e-13
1.360364184057541332e-12
3.743903413090894514e-13
3.724754532573845871e-13
3.707373591376834109e-13
3.741831135951581074e-13
4.086870423852257593e-13
3.706065597693184784e-13
3.739424816582158421e-13
3.720355925860201379e-13
3.703792417545314831e-13
6.523057930653873483e-13
3.717936635399148840e-13
3.701422333915150213e-13
3.749504540496915872e-13
3.715606250952103276e-13
6.151057243367234843e-11
3.732248338654908344e-13
3.713196247946431866e-13
3.695118126928966548e-13
3.694204096612093277e-13
1.360364184057541332e-12
3.729845667149548019e-13
3.707373591376834109e-13
3.727459839905891727e-13
3.692023058109611171e-13
3.706065597693184784e-13
3.724754532573845871e-13
3.689679649776400202e-13
3.703792417545314831e-13
4.086870423852257593e-13
3.812163890284246934e-13
3.701422333915150213e-13
3.720355925860201379e-13
4.079623369578076420e-13
6.151057243367234843e-11
3.717936635399148840e-13
3.682742915625285539e-13
3.695118126928966548e-13
3.715606250952103276e-13
3.680308426107840607e-13
3.694204096612093277e-13
3.713196247946431866e-13
3.677976199441228059e-13
3.692023058109611171e-13
6.538670580888248613e-13
1.360364184057541332e-12
3.689679649776400202e-13
3.707373591376834109e-13
3.905641641897806340e-13
3.812163890284246934e-13
3.706065597693184784e-13
3.671144559825552873e-13
4.079623369578076420e-13
3.703792417545314831e-13
3.668649937681330660e-13
3.682742915625285539e-13
3.701422333915150213e-13
3.666322259252559866e-13
3.680308426107840607e-13
6.151057243367234843e-11
1.548063407217675718e-10
3.677976199441228059e-13
3.695118126928966548e-13
3.661576246318425980e-13
6.538670580888248613e-13
3.694204096612093277e-13
3.659340143425805399e-13
3.905641641897806340e-13
3.692023058109611171e-13
3.657053906409783371e-13
3.671144559825552873e-13
3.689679649776400202e-13
3.654720650283997068e-13
3.668649937681330660e-13
3.812163890284246934e-13
2.619026227972958047e-12
3.666322259252559866e-13
4.079623369578076420e-13
3.647910175218658867e-13
1.548063407217675718e-10
3.682742915625285539e-13
3.647786971919817214e-13
3.661576246318425980e-13
3.680308426107840607e-13
3.645509771386526577e-13
3.659340143425805399e-13
3.677976199441228059e-13
3.643017312396300131e-13
3.657053906409783371e-13
6.538670580888248613e-13
4.426827854567434566e-13
3.654720650283997068e-13
3.905641641897806340e-13
3.637830952540972425e-13
2.619026227972958047e-12
3.671144559825552873e-13
3.636307216437703023e-13
3.647910175218658867e-13
3.668649937681330660e-13
3.634013854189001538e-13
3.647786971919817214e-13
3.666322259252559866e-13
1.152977283589281295e-10
3.645509771386526577e-13
1.548063407217675718e-10
3.630508733658545694e-13
3.643017312396300131e-13
3.661576246318425980e-13
3.626945195135221637e-13
4.426827854567434566e-13
3.659340143425805399e-13
3.624916175403392600e-13
3.637830952540972425e-13
3.657053906409783371e-13
3.622647333541302002e-13
3.636307216437703023e-13
3.654720650283997068e-13
8.041833412212376039e-13
3.634013854189001538e-13
2.619026227972958047e-12
3.631383803352235457e-13
1.152977283589281295e-10
3.647910175218658867e-13
3.615670073896125780e-13
3.630508733658545694e-13
3.647786971919817214e-13
3.613591621610047932e-13
3.626945195135221637e-13
3.645509771386526577e-13
3.611339808173992042e-13
3.624916175403392600e-13
3.643017312396300131e-13
3.943898646532729296e-13
3.622647333541302002e-13
4.426827854567434566e-13
3.831536083656557298e-13
8.041833412212376039e-13
3.637830952540972425e-13
3.604517266599426547e-13
3.631383803352235457e-13
3.636307216437703023e-13
3.602315343194288493e-13
3.615670073896125780e-13
3.634013854189001538e-13
3.600070957741267980e-13
3.613591621610047932e-13
1.152977283589281295e-10
9.790918021225955293e-11
3.611339808173992042e-13
3.630508733658545694e-13
3.661302609647589183e-13
3.943898646532729296e-13
3.626945195135221637e-13
3.593127861144425900e-13
3.831536083656557298e-13
3.624916175403392600e-13
3.591097629540022351e-13
3.604517266599426547e-13
3.622647333541302002e-13
3.588848953334284977e-13
3.602315343194288493e-13
8.041833412212376039e-13
3.770376325104805959e-11
3.600070957741267980e-13
3.631383803352235457e-13
3.584164798438785745e-13
9.790918021225955293e-11
3.615670073896125780e-13
3.582065394106696466e-13
3.613591621610047932e-13
3.593127861144425900e-13
3.579933014305580884e-13
3.611339808173992042e-13
3.591097629540022351e-13
3.577678323547763065e-13
3.943898646532729296e-13
3.588848953334284977e-13
4.581134502165698856e-13
3.831536083656557298e-13
3.571413888701131831e-13
3.770376325104805959e-11
3.604517266599426547e-13
3.571020208491103175e-13
3.584164798438785745e-13
3.602315343194288493e-13
3.582065394106696466e-13
3.568819017593141337e-13
3.600070957741267980e-13
3.579933014305580884e-13
3.568360685968604390e-13
9.790918021225955293e-11
3.577678323547763065e-13
4.611078403295741473e-13
3.661302609647589183e-13
4.581134502165698856e-13
3.562156663968008027e-13
3.593127861144425900e-13
3.571413888701131831e-13
3.559970262173220316e-13
3.591097629540022351e-13
3.571020208491103175e-13
3.557768411738589927e-13
3.588848953334284977e-13
2.940081848443805794e-10
3.568819017593141337e-13
3.770376325104805959e-11
3.606095286735074784e-13
3.568360685968604390e-13
3.584164798438785745e-13
4.611078403295741473e-13
3.551237594212050899e-13
3.582065394106696466e-13
3.562156663968008027e-13
3.548970656509595618e-13
3.579933014305580884e-13
3.559970262173220316e-13
3.546761488800422410e-13
3.577678323547763065e-13
3.557768411738589927e-13
5.607211768714251405e-12
4.581134502165698856e-13
2.940081848443805794e-10
3.540280388946535083e-13
3.571413888701131831e-13
3.606095286735074784e-13
3.540197047793837629e-13
3.571020208491103175e-13
3.538020421011603826e-13
3.568819017593141337e-13
3.548970656509595618e-13
3.535873468541983000e-13
3.568360685968604390e-13
3.546761488800422410e-13
3.640963804590766107e-13
4.611078403295741473e-13
5.607211768714251405e-12
3.531810000276118859e-13
3.562156663968008027e-13
3.540280388946535083e-13
3.529321846556857881e-13
3.559970262173220316e-13
3.540197047793837629e-13
3.527178708719106948e-13
3.557768411738589927e-13
3.538020421011603826e-13
3.524976510269925105e-13
2.940081848443805794e-10
3.535873468541983000e-13
7.212524384301069172e-13
3.606095286735074784e-13
3.520108911819426560e-13
3.640963804590766107e-13
3.531810000276118859e-13
3.551237594212050899e-13
3.518511581415717965e-13
3.529321846556857881e-13
3.548970656509595618e-13
3.516398333646110587e-13
3.527178708719106948e-13
3.546761488800422410e-13
3.514212817252901479e-13
3.524976510269925105e-13
5.607211768714251405e-12
3.088898232731779243e-12
7.212524384301069172e-13
3.540280388946535083e-13
3.508869426310242926e-13
3.520108911819426560e-13
3.540197047793837629e-13
3.507766065612032346e-13
3.538020421011603826e-13
3.518511581415717965e-13
3.505661127179794763e-13
3.535873468541983000e-13
3.516398333646110587e-13
3.503487356343902001e-13
3.514212817252901479e-13
3.640963804590766107e-13
3.049063892815108558e-12
3.088898232731779243e-12
3.531810000276118859e-13
3.502452382239584527e-13
3.508869426310242926e-13
3.529321846556857881e-13
3.497086651208026381e-13
3.507766065612032346e-13
3.527178708719106948e-13
3.494973635000762717e-13
3.505661127179794763e-13
3.524976510269925105e-13
3.492812459679192281e-13
3.503487356343902001e-13
7.212524384301069172e-13
1.373807719342675187e-12
3.049063892815108558e-12
3.520108911819426560e-13
3.489545402379223251e-13
3.502452382239584527e-13
3.518511581415717965e-13
3.486421022719717797e-13
3.497086651208026381e-13
3.516398333646110587e-13
3.484329793249295458e-13
3.494973635000762717e-13
3.514212817252901479e-13
3.484017131874937065e-13
3.492812459679192281e-13
3.088898232731779243e-12
4.745621579134810954e-13
1.373807719342675187e-12
3.508869426310242926e-13
3.478433216985840033e-13
3.489545402379223251e-13
3.507766065612032346e-13
3.475834544086014902e-13
3.486421022719717797e-13
3.505661127179794763e-13
3.473726706598861100e-13
3.484329793249295458e-13
3.503487356343902001e-13
1.117859502595091480e-11
3.484017131874937065e-13
3.049063892815108558e-12
3.503465295717163556e-13
4.745621579134810954e-13
3.502452382239584527e-13
3.467459043061570355e-13
3.478433216985840033e-13
3.497086651208026381e-13
3.465293667117599014e-13
3.475834544086014902e-13
3.494973635000762717e-13
3.463177000574279305e-13
3.473726706598861100e-13
3.492812459679192281e-13
4.459405952024432020e-12
1.117859502595091480e-11
1.373807719342675187e-12
3.457098239596406437e-13
3.503465295717163556e-13
3.489545402379223251e-13
3.456863707941971380e-13
3.467459043061570355e-13
3.486421022719717797e-13
3.454795526586938455e-13
3.465293667117599014e-13
3.484329793249295458e-13
3.453127731872462147e-13
3.463177000574279305e-13
3.484017131874937065e-13
4.228716862041447384e-13
4.459405952024432020e-12
4.745621579134810954e-13
3.447898401305403659e-13
3.457098239596406437e-13
3.478433216985840033e-13
3.446425204005574500e-13
3.456863707941971380e-13
3.475834544086014902e-13
3.444343121634056917e-13
3.454795526586938455e-13
3.473726706598861100e-13
6.786353227394183225e-11
3.453127731872462147e-13
1.117859502595091480e-11
3.440604227024599489e-13
4.228716862041447384e-13
3.503465295717163556e-13
3.438080046870494889e-13
3.447898401305403659e-13
3.467459043061570355e-13
3.436026116180698290e-13
3.446425204005574500e-13
3.465293667117599014e-13
3.433929873741022140e-13
3.444343121634056917e-13
3.463177000574279305e-13
1.456822947104527101e-12
6.786353227394183225e-11
4.459405952024432020e-12
3.428210960414602087e-13
3.440604227024599489e-13
3.457098239596406437e-13
3.427717937673844628e-13
3.438080046870494889e-13
3.456863707941971380e-13
3.425675251467907409e-13
3.436026116180698290e-13
3.454795526586938455e-13
3.654780220227169109e-13
3.433929873741022140e-13
3.453127731872462147e-13
3.425424179614648429e-13
1.456822947104527101e-12
4.228716862041447384e-13
3.419119619783647052e-13
3.428210960414602087e-13
3.447898401305403659e-13
3.417431471073718816e-13
3.427717937673844628e-13
3.446425204005574500e-13
3.415376303124982350e-13
3.425675251467907409e-13
3.444343121634056917e-13
2.405033824985297843e-11
3.654780220227169109e-13
6.786353227394183225e-11
3.425424179614648429e-13
3.429159339834611380e-13
3.440604227024599489e-13
3.409238120838998841e-13
3.419119619783647052e-13
3.438080046870494889e-13
3.407185761841418347e-13
3.417431471073718816e-13
3.436026116180698290e-13
3.405116865473753521e-13
3.415376303124982350e-13
3.433929873741022140e-13
2.405033824985297843e-11
1.462870024126756797e-12
1.456822947104527101e-12
3.429159339834611380e-13
3.399657109494087071e-13
3.428210960414602087e-13
3.409238120838998841e-13
3.399013609030451544e-13
3.427717937673844628e-13
3.407185761841418347e-13
3.397031002415955854e-13
3.425675251467907409e-13
3.405116865473753521e-13
3.394976644976292957e-13
3.654780220227169109e-13
7.288417646283269919e-13
1.462870024126756797e-12
3.425424179614648429e-13
3.390240287223771825e-13
3.399657109494087071e-13
3.419119619783647052e-13
3.388885109222047637e-13
3.399013609030451544e-13
3.417431471073718816e-13
3.397031002415955854e-13
3.386912600356229835e-13
3.415376303124982350e-13
3.394976644976292957e-13
3.384857506950585782e-13
2.405033824985297843e-11
7.288417646283269919e-13
4.640938263883726571e-13
3.429159339834611380e-13
3.390240287223771825e-13
3.381471743566348462e-13
3.409238120838998841e-13
3.388885109222047637e-13
3.378823358953625650e-13
3.407185761841418347e-13
3.376832825601983090e-13
3.405116865473753521e-13
3.384857506950585782e-13
3.372951939551754149e-13
1.462870024126756797e-12
4.640938263883726571e-13
3.375746641174469877e-13
3.399657109494087071e-13
3.381471743566348462e-13
3.370831332565324154e-13
3.399013609030451544e-13
3.378823358953625650e-13
3.368786877594969929e-13
3.397031002415955854e-13
3.376832825601983090e-13
3.366793578478804173e-13
3.394976644976292957e-13
3.372951939551754149e-13
1.357246463965104784e-10
7.288417646283269919e-13
3.379514700122144842e-13
3.375746641174469877e-13
3.390240287223771825e-13
3.370831332565324154e-13
3.360653574664547633e-13
3.388885109222047637e-13
3.368786877594969929e-13
3.358800748282631599e-13
3.386912600356229835e-13
3.366793578478804173e-13
3.356792240204971840e-13
3.384857506950585782e-13
1.357246463965104784e-10
6.175511407965140432e-12
4.640938263883726571e-13
3.379514700122144842e-13
3.354859862978404255e-13
3.381471743566348462e-13
3.360653574664547633e-13
3.350815026560242177e-13
3.378823358953625650e-13
3.358800748282631599e-13
3.348879609503285031e-13
3.376832825601983090e-13
3.346879064511870601e-13
3.372951939551754149e-13
2.444513919833086880e-12
3.375746641174469877e-13
3.354859862978404255e-13
3.342281093851812784e-13
3.370831332565324154e-13
3.350815026560242177e-13
3.340953312180261584e-13
3.368786877594969929e-13
3.348879609503285031e-13
3.338998462342991720e-13
3.366793578478804173e-13
3.346879064511870601e-13
3.337091897008490568e-13
1.357246463965104784e-10
2.444513919833086880e-12
5.021518814015351175e-13
3.379514700122144842e-13
3.342281093851812784e-13
3.333236363062157743e-13
3.360653574664547633e-13
3.331106903593911907e-13
3.340953312180261584e-13
3.358800748282631599e-13
3.329158037510451739e-13
3.338998462342991720e-13
3.356792240204971840e-13
3.337091897008490568e-13
6.304112768117572426e-13
6.175511407965140432e-12
5.021518814015351175e-13
3.492649903037110354e-13
3.354859862978404255e-13
3.333236363062157743e-13
3.322999467881540907e-13
3.350815026560242177e-13
3.331106903593911907e-13
3.321322437724859964e-13
3.348879609503285031e-13
3.329158037510451739e-13
3.319373376027123405e-13
3.346879064511870601e-13
6.304112768117572426e-13
1.517024422592425442e-10
2.444513919833086880e-12
3.361903829798369346e-13
3.492649903037110354e-13
3.342281093851812784e-13
3.313375943064333557e-13
3.322999467881540907e-13
3.340953312180261584e-13
3.321322437724859964e-13
3.311587901315569097e-13
3.338998462342991720e-13
3.319373376027123405e-13
3.309642119277912415e-13
3.337091897008490568e-13
1.517024422592425442e-10
3.661070847502228636e-13
5.021518814015351175e-13
3.361903829798369346e-13
3.328403483640437187e-13
3.333236363062157743e-13
3.313375943064333557e-13
3.303750277301584405e-13
3.331106903593911907e-13
3.311587901315569097e-13
3.301913799130323979e-13
3.329158037510451739e-13
3.299978838229597308e-13
6.304112768117572426e-13
3.661070847502228636e-13
1.616417156204859150e-12
3.492649903037110354e-13
3.328403483640437187e-13
3.301442261629267914e-13
3.322999467881540907e-13
3.303750277301584405e-13
3.294105294700735865e-13
3.321322437724859964e-13
3.301913799130323979e-13
3.292274941554445350e-13
3.319373376027123405e-13
3.299978838229597308e-13
3.290342346767292577e-13
1.517024422592425442e-10
1.616417156204859150e-12
2.653909701908464583e-12
3.361903829798369346e-13
3.301442261629267914e-13
3.287288473362630459e-13
3.313375943064333557e-13
3.294105294700735865e-13
3.284530135208322588e-13
3.311587901315569097e-13
3.282693814179942230e-13
3.309642119277912415e-13
3.290342346767292577e-13
3.280768964843909941e-13
3.661070847502228636e-13
2.653909701908464583e-12
5.675774820066685654e-12
3.328403483640437187e-13
3.287288473362630459e-13
3.274960429014762255e-13
3.303750277301584405e-13
3.284530135208322588e-13
3.274990122009032776e-13
3.301913799130323979e-13
3.282693814179942230e-13
3.273150343830162646e-13
3.299978838229597308e-13
3.271228095725504401e-13
3.280768964843909941e-13
1.616417156204859150e-12
5.675774820066685654e-12
1.036431636427504188e-12
3.301442261629267914e-13
3.265918402204871498e-13
3.294105294700735865e-13
3.274990122009032776e-13
3.265526309653888417e-13
3.292274941554445350e-13
3.273150343830162646e-13
3.263646046928672503e-13
3.290342346767292577e-13
3.271228095725504401e-13
3.261158681366039401e-13
2.653909701908464583e-12
1.036431636427504188e-12
3.410379967717918345e-13
3.287288473362630459e-13
3.265918402204871498e-13
3.257355748336167432e-13
3.284530135208322588e-13
3.256058455917168128e-13
3.265526309653888417e-13
3.282693814179942230e-13
3.254185124829219216e-13
3.263646046928672503e-13
3.280768964843909941e-13
3.261158681366039401e-13
8.397932720602875380e-11
5.675774820066685654e-12
3.410379967717918345e-13
3.267662192593959040e-13
3.274960429014762255e-13
3.257355748336167432e-13
3.248558984014368602e-13
3.274990122009032776e-13
3.256058455917168128e-13
3.246643795427893419e-13
3.273150343830162646e-13
3.254185124829219216e-13
3.244758853939093997e-13
3.271228095725504401e-13
9.591419546222375681e-12
8.397932720602875380e-11
1.036431636427504188e-12
3.243654362092163618e-13
3.267662192593959040e-13
3.265918402204871498e-13
3.239079024641985396e-13
3.248558984014368602e-13
3.265526309653888417e-13
3.246643795427893419e-13
3.237261457753383207e-13
3.263646046928672503e-13
3.244758853939093997e-13
3.235366975956852126e-13
3.261158681366039401e-13
9.591419546222375681e-12
1.073795716940908826e-12
3.410379967717918345e-13
3.243654362092163618e-13
3.232958329251504614e-13
3.257355748336167432e-13
3.239079024641985396e-13
3.229797256884772527e-13
3.256058455917168128e-13
3.227995434237305496e-13
3.237261457753383207e-13
3.254185124829219216e-13
3.226133067298227304e-13
3.235366975956852126e-13
8.397932720602875380e-11
4.703807231942131083e-11
1.073795716940908826e-12
3.267662192593959040e-13
3.232958329251504614e-13
3.220381331223781866e-13
3.248558984014368602e-13
3.229797256884772527e-13
3.220529251361947509e-13
3.246643795427893419e-13
3.227995434237305496e-13
3.218742596019497600e-13
3.244758853939093997e-13
3.226133067298227304e-13
3.216898656448281399e-13
9.591419546222375681e-12
1.689783419155850878e-10
3.243654362092163618e-13
3.239262677236400928e-13
3.220381331223781866e-13
3.239079024641985396e-13
3.211210913269077059e-13
3.220529251361947509e-13
3.237261457753383207e-13
3.209523720475107953e-13
3.218742596019497600e-13
3.235366975956852126e-13
3.207686649119356198e-13
1.073795716940908826e-12
1.689783419155850878e-10
1.732554399852230993e-10
3.232958329251504614e-13
3.239262677236400928e-13
3.229797256884772527e-13
3.202001004931083397e-13
3.227995434237305496e-13
3.209523720475107953e-13
3.200377245124246048e-13
3.226133067298227304e-13
3.198573420107739958e-13
3.207686649119356198e-13
4.703807231942131083e-11
3.196712393561651202e-13
1.732554399852230993e-10
3.220381331223781866e-13
3.235470716666087938e-13
3.498153868030678514e-13
3.220529251361947509e-13
3.194887874391550111e-13
3.218742596019497600e-13
3.200377245124246048e-13
3.191271794402953391e-13
3.216898656448281399e-13
3.198573420107739958e-13
3.189518734052641294e-13
1.689783419155850878e-10
3.196712393561651202e-13
3.239262677236400928e-13
3.279976079196946085e-13
3.498153868030678514e-13
3.211210913269077059e-13
3.726193461798421976e-13
3.194887874391550111e-13
3.209523720475107953e-13
3.182528544900510326e-13
3.191271794402953391e-13
3.207686649119356198e-13
3.189518734052641294e-13
3.180458286554867776e-13
1.732554399852230993e-10
3.187712215417704744e-13
3.178681596968046969e-13
3.235470716666087938e-13
3.279976079196946085e-13
3.176847638080082607e-13
3.202001004931083397e-13
3.726193461798421976e-13
1.723632735074068451e-12
3.200377245124246048e-13
3.182528544900510326e-13
3.173424583379410830e-13
3.198573420107739958e-13
3.171425104691198684e-13
3.180458286554867776e-13
3.196712393561651202e-13
3.169670284397246156e-13
3.178681596968046969e-13
3.498153868030678514e-13
3.167854423367853004e-13
3.194887874391550111e-13
1.723632735074068451e-12
2.580968313446876528e-12
3.191271794402953391e-13
3.173424583379410830e-13
3.162974347475851483e-13
3.189518734052641294e-13
3.171425104691198684e-13
3.162429091987479122e-13
3.187712215417704744e-13
3.169670284397246156e-13
3.160694066034370453e-13
3.279976079196946085e-13
3.167854423367853004e-13
3.158887186553243195e-13
3.726193461798421976e-13
2.580968313446876528e-12
3.182528544900510326e-13
3.162974347475851483e-13
3.153342030681761485e-13
3.180458286554867776e-13
3.162429091987479122e-13
3.153483576984634544e-13
3.178681596968046969e-13
3.160694066034370453e-13
3.151792402250143428e-13
3.176847638080082607e-13
3.158887186553243195e-13
3.150021209627836491e-13
1.723632735074068451e-12
1.695300356816043227e-12
4.309830380421815342e-13
3.173424583379410830e-13
3.153342030681761485e-13
3.424428955258669660e-13
3.171425104691198684e-13
3.153483576984634544e-13
3.144338146698226141e-13
3.169670284397246156e-13
3.142917743542776728e-13
3.151792402250143428e-13
3.167854423367853004e-13
3.141179725747704826e-13
2.580968313446876528e-12
4.309830380421815342e-13
3.139386347265037900e-13
3.162974347475851483e-13
3.424428955258669660e-13
3.872455663011421540e-13
3.162429091987479122e-13
3.144338146698226141e-13
3.135774917948827703e-13
3.160694066034370453e-13
3.142917743542776728e-13
3.134083278198263125e-13
3.158887186553243195e-13
3.141179725747704826e-13
3.132360788231806692e-13
1.695300356816043227e-12
3.139386347265037900e-13
3.130589570868410504e-13
3.153342030681761485e-13
3.896730529067179618e-13
3.153483576984634544e-13
3.133180743057016022e-13
3.135774917948827703e-13
3.151792402250143428e-13
3.134083278198263125e-13
3.125239783186868743e-13
3.150021209627836491e-13
3.132360788231806692e-13
3.123570707106955976e-13
4.309830380421815342e-13
3.130589570868410504e-13
3.121813239338315363e-13
3.424428955258669660e-13
3.896730529067179618e-13
2.709080259694628336e-11
3.144338146698226141e-13
3.133180743057016022e-13
3.133309501280091098e-13
3.142917743542776728e-13
3.116510781823820262e-13
3.141179725747704826e-13
3.123570707106955976e-13
3.114824902918129977e-13
3.139386347265037900e-13
3.113082140753210393e-13
3.872455663011421540e-13
2.709080259694628336e-11
9.021669477152809890e-11
3.135774917948827703e-13
3.133309501280091098e-13
3.155177798806044488e-13
3.134083278198263125e-13
3.116510781823820262e-13
3.107827778538284482e-13
3.132360788231806692e-13
3.114824902918129977e-13
3.106111999192075291e-13
3.130589570868410504e-13
3.113082140753210393e-13
3.104375549539570088e-13
3.896730529067179618e-13
7.882226453779804635e-13
9.021669477152809890e-11
3.133180743057016022e-13
3.112417579289905971e-13
3.155177798806044488e-13
3.125239783186868743e-13
3.099081842060118085e-13
3.123570707106955976e-13
3.106111999192075291e-13
3.097445484547210494e-13
3.121813239338315363e-13
3.104375549539570088e-13
3.095720244147801880e-13
2.709080259694628336e-11
7.882226453779804635e-13
1.054851100691720581e-10
3.133309501280091098e-13
3.112417579289905971e-13
3.102949703674175176e-13
3.116510781823820262e-13
3.099081842060118085e-13
3.090434299145004680e-13
3.114824902918129977e-13
3.088815957900750840e-13
3.097445484547210494e-13
3.113082140753210393e-13
3.087097308693139536e-13
3.095720244147801880e-13
9.021669477152809890e-11
1.840989142174969682e-12
3.155177798806044488e-13
3.102949703674175176e-13
3.121720531825337795e-13
3.107827778538284482e-13
3.090434299145004680e-13
3.081954649589100321e-13
3.106111999192075291e-13
3.088815957900750840e-13
3.080233083235469401e-13
3.104375549539570088e-13
3.087097308693139536e-13
3.078525801298477277e-13
7.882226453779804635e-13
1.840989142174969682e-12
2.958688937292114305e-11
3.112417579289905971e-13
3.081192284157136587e-13
3.121720531825337795e-13
3.099081842060118085e-13
3.081954649589100321e-13
3.073419318970399058e-13
3.097445484547210494e-13
3.080233083235469401e-13
3.071684631169487661e-13
3.095720244147801880e-13
3.078525801298477277e-13
3.069980692286594416e-13
1.054851100691720581e-10
2.958688937292114305e-11
7.151601616394493857e-11
3.102949703674175176e-13
3.081192284157136587e-13
3.067012087053323548e-13
3.090434299145004680e-13
3.073419318970399058e-13
3.064789954024059582e-13
3.088815957900750840e-13
3.063187238424579935e-13
3.087097308693139536e-13
3.061498258128723297e-13
1.840989142174969682e-12
3.263100716825094935e-10
7.151601616394493857e-11
3.121720531825337795e-13
3.067012087053323548e-13
3.056616526084183638e-13
3.081954649589100321e-13
3.056321894929951363e-13
3.064789954024059582e-13
3.080233083235469401e-13
3.054734486891570608e-13
3.063187238424579935e-13
3.078525801298477277e-13
3.053065704569271565e-13
3.061498258128723297e-13
2.958688937292114305e-11
3.050693482841246486e-13
3.081192284157136587e-13
3.655344431571643896e-13
3.056616526084183638e-13
3.073419318970399058e-13
3.048323567475140718e-13
3.056321894929951363e-13
3.071684631169487661e-13
3.046311587296681570e-13
3.069980692286594416e-13
3.053065704569271565e-13
3.044653054831961816e-13
7.151601616394493857e-11
3.050693482841246486e-13
3.056970314306200695e-13
3.067012087053323548e-13
3.655344431571643896e-13
3.367348247672473381e-13
3.064789954024059582e-13
3.048323567475140718e-13
3.039864324718392264e-13
3.063187238424579935e-13
3.046311587296681570e-13
3.037925943652037604e-13
3.061498258128723297e-13
3.044653054831961816e-13
3.263100716825094935e-10
3.056970314306200695e-13
3.889866752120221739e-13
3.056616526084183638e-13
3.036787842200797640e-13
3.056321894929951363e-13
3.039864324718392264e-13
3.030997274514100105e-13
3.054734486891570608e-13
3.037925943652037604e-13
3.029587776374184334e-13
3.053065704569271565e-13
3.036266042683662595e-13
3.027948678570654947e-13
3.050693482841246486e-13
3.889866752120221739e-13
3.026638669309913684e-13
3.655344431571643896e-13
3.036787842200797640e-13
3.048323567475140718e-13
3.022301078919501094e-13
3.030997274514100105e-13
3.046311587296681570e-13
3.021287549565865224e-13
3.029587776374184334e-13
3.044653054831961816e-13
3.027948678570654947e-13
3.019653217521686775e-13
3.056970314306200695e-13
3.026638669309913684e-13
3.017674479139084823e-13
3.367348247672473381e-13
4.010807605497521494e-13
3.160471538845712432e-13
3.039864324718392264e-13
3.022301078919501094e-13
3.015280060867027520e-13
3.037925943652037604e-13
3.021287549565865224e-13
3.013016947694138294e-13
3.036266042683662595e-13
3.011396523962796479e-13
3.019653217521686775e-13
3.889866752120221739e-13
3.017674479139084823e-13
3.036787842200797640e-13
3.160471538845712432e-13
3.561940205164002414e-13
3.030997274514100105e-13
3.015280060867027520e-13
3.006990538199020731e-13
3.029587776374184334e-13
3.013016947694138294e-13
3.004799804822971644e-13
3.027948678570654947e-13
3.011396523962796479e-13
3.003189187216569052e-13
3.026638669309913684e-13
3.009579972163565137e-13
3.001526745561529957e-13
4.010807605497521494e-13
3.561940205164002414e-13
1.159035108589951861e-12
3.022301078919501094e-13
1.155473916712148234e-12
3.006990538199020731e-13
3.021287549565865224e-13
1.151927618713155888e-12
3.004799804822971644e-13
3.019653217521686775e-13
1.148396152157683697e-12
3.003189187216569052e-13
3.017674479139084823e-13
1.144879454572475854e-12
3.001526745561529957e-13
3.160471538845712432e-13
1.141377464281780440e-12
1.159035108589951861e-12
3.015280060867027520e-13
1.137890119260363349e-12
1.155473916712148234e-12
1.134417358216636260e-12
3.013016947694138294e-13
1.151927618713155888e-12
1.130959119946467234e-12
1.148396152157683697e-12
3.011396523962796479e-13
1.127515343406386391e-12
3.009579972163565137e-13
1.144879454572475854e-12
1.124085967927341421e-12
1.141377464281780440e-12
3.561940205164002414e-13
1.120670933141409300e-12
1.137890119260363349e-12
3.006990538199020731e-13
1.117270178888345883e-12
1.134417358216636260e-12
3.004799804822971644e-13
1.113883644997928756e-12
1.130959119946467234e-12
3.003189187216569052e-13
1.110511271975945628e-12
1.127515343406386391e-12
3.001526745561529957e-13
1.107153000333001486e-12
1.124085967927341421e-12
1.159035108589951861e-12
1.103808770881836507e-12
1.155473916712148234e-12
1.100478524792794214e-12
1.117270178888345883e-12
1.151927618713155888e-12
1.097162203201250565e-12
1.113883644997928756e-12
1.148396152157683697e-12
1.110511271975945628e-12
1.093859747839562571e-12
1.144879454572475854e-12
1.107153000333001486e-12
1.090571100435443440e-12
1.141377464281780440e-12
1.103808770881836507e-12
1.087296203079293173e-12
1.137890119260363349e-12
1.100478524792794214e-12
1.084034998054265651e-12
1.134417358216636260e-12
1.080787427849411846e-12
1.130959119946467234e-12
1.077553435337192252e-12
1.093859747839562571e-12
1.127515343406386391e-12
1.074332963473352697e-12
1.090571100435443440e-12
1.124085967927341421e-12
1.071125955474644786e-12
1.087296203079293173e-12
1.120670933141409300e-12
1.084034998054265651e-12
1.067932354999174496e-12
1.117270178888345883e-12
1.080787427849411846e-12
1.064752105674219171e-12
1.113883644997928756e-12
1.077553435337192252e-12
1.061585151435335220e-12
1.110511271975945628e-12
1.074332963473352697e-12
1.058431436551030357e-12
1.107153000333001486e-12
1.071125955474644786e-12
1.055290905531516047e-12
1.103808770881836507e-12
1.052163502969857525e-12
1.067932354999174496e-12
1.100478524792794214e-12
1.049049173822531406e-12
1.064752105674219171e-12
1.097162203201250565e-12
1.045947863195246697e-12
1.061585151435335220e-12
1.093859747839562571e-12
1.058431436551030357e-12
1.042859516435667580e-12
1.090571100435443440e-12
1.055290905531516047e-12
1.039784079188939727e-12
1.087296203079293173e-12
1.052163502969857525e-12
1.036721496642754104e-12
1.084034998054265651e-12
1.049049173822531406e-12
1.033671716198483408e-12
1.080787427849411846e-12
1.045947863195246697e-12
1.030634683442999084e-12
1.077553435337192252e-12
1.027610344875609543e-12
1.042859516435667580e-12
1.074332963473352697e-12
1.024598647236680505e-12
1.039784079188939727e-12
1.071125955474644786e-12
1.036721496642754104e-12
1.021599537588455965e-12
1.067932354999174496e-12
1.033671716198483408e-12
1.018612962974263007e-12
1.064752105674219171e-12
1.030634683442999084e-12
1.015638870899287514e-12
1.061585151435335220e-12
1.027610344875609543e-12
1.012677208901225223e-12
1.058431436551030357e-12
1.024598647236680505e-12
1.009727924933372372e-12
1.055290905531516047e-12
1.021599537588455965e-12
1.006790966936683528e-12
1.052163502969857525e-12
1.003866283323807345e-12
1.018612962974263007e-12
1.049049173822531406e-12
1.000953822670406836e-12
1.015638870899287514e-12
1.045947863195246697e-12
9.980535335131550408e-13
1.042859516435667580e-12
1.009727924933372372e-12
9.951653648104271669e-13
1.039784079188939727e-12
1.006790966936683528e-12
9.922892657281046361e-13
1.036721496642754104e-12
1.003866283323807345e-12
9.894251856377046373e-13
1.033671716198483408e-12
1.000953822670406836e-12
9.865730741911876678e-13
1.030634683442999084e-12
9.837328811195008856e-13
1.027610344875609543e-12
9.809045563784506836e-13
9.951653648104271669e-13
1.024598647236680505e-12
9.780880502117277534e-13
9.922892657281046361e-13
1.021599537588455965e-12
9.894251856377046373e-13
9.752833130608070025e-13
1.018612962974263007e-12
9.865730741911876678e-13
9.724902955085421566e-13
1.015638870899287514e-12
9.837328811195008856e-13
9.697089485047651356e-13
1.012677208901225223e-12
9.669392230510444123e-13
1.009727924933372372e-12
9.780880502117277534e-13
9.641810703164301168e-13
1.006790966936683528e-12
9.614344418320559504e-13
9.752833130608070025e-13
1.003866283323807345e-12
9.586992892201854320e-13
9.724902955085421566e-13
1.000953822670406836e-12
9.559755643527215947e-13
9.697089485047651356e-13
9.980535335131550408e-13
9.669392230510444123e-13
9.532632192654796913e-13
9.951653648104271669e-13
9.641810703164301168e-13
9.505622062437379863e-13
9.922892657281046361e-13
9.614344418320559504e-13
9.478724777751797409e-13
9.894251856377046373e-13
9.586992892201854320e-13
9.451939864807196290e-13
9.865730741911876678e-13
9.559755643527215947e-13
9.425266850695371002e-13
