1.965144566924184025e-04
1.015534228501532973e-04
6.312111348116211879e-04
3.509174179332983355e-04
4.811913380458681343e-05
1.965144566924184025e-04
2.198460495140303970e-05
3.509174179332983355e-04
1.015534228501532973e-04
1.074077351641769884e-05
1.965144566924184025e-04
6.163806904981835509e-06
4.811913380458681343e-05
1.015534228501532973e-04
4.107112019821184579e-06
2.198460495140303970e-05
4.811913380458681343e-05
1.074077351641769884e-05
2.944577157611899332e-06
2.198460495140303970e-05
6.163806904981835509e-06
2.151998664853787318e-06
1.074077351641769884e-05
4.107112019821184579e-06
1.569686850051753638e-06
6.163806904981835509e-06
1.136122522956244480e-06
2.944577157611899332e-06
4.107112019821184579e-06
8.150930098572136328e-07
2.151998664853787318e-06
2.944577157611899332e-06
5.795877017124138840e-07
1.569686850051753638e-06
2.151998664853787318e-06
4.084327761474175843e-07
1.136122522956244480e-06
1.569686850051753638e-06
8.150930098572136328e-07
2.851529098085876040e-07
1.136122522956244480e-06
5.795877017124138840e-07
1.971390038971819964e-07
8.150930098572136328e-07
4.084327761474175843e-07
1.348854716592576752e-07
5.795877017124138840e-07
9.130903596696008904e-08
2.851529098085876040e-07
4.084327761474175843e-07
6.117354850625228674e-08
1.971390038971819964e-07
2.851529098085876040e-07
4.062858253629021372e-08
1.348854716592576752e-07
1.971390038971819964e-07
2.685424562600679899e-08
9.130903596696008904e-08
1.348854716592576752e-07
1.779547496261269105e-08
6.117354850625228674e-08
9.130903596696008904e-08
4.062858253629021372e-08
1.196598086597053070e-08
6.117354850625228674e-08
2.685424562600679899e-08
8.303362026636386571e-09
4.062858253629021372e-08
1.779547496261269105e-08
6.060626575414912277e-09
2.685424562600679899e-08
4.723599301880348094e-09
1.196598086597053070e-08
1.779547496261269105e-08
3.947320211393308688e-09
8.303362026636386571e-09
1.196598086597053070e-08
3.507077224833056130e-09
6.060626575414912277e-09
8.303362026636386571e-09
3.261204443655968526e-09
4.723599301880348094e-09
6.060626575414912277e-09
3.123509306620827123e-09
3.947320211393308688e-09
4.723599301880348094e-09
3.507077224833056130e-09
3.043505393793757904e-09
3.947320211393308688e-09
3.261204443655968526e-09
2.992786229906178197e-09
3.507077224833056130e-09
3.123509306620827123e-09
2.956030053218263831e-09
3.261204443655968526e-09
3.043505393793757904e-09
2.925329471461601037e-09
3.123509306620827123e-09
2.992786229906178197e-09
2.896785887556523334e-09
3.043505393793757904e-09
2.956030053218263831e-09
2.868564614536382069e-09
2.992786229906178197e-09
2.839840798596064225e-09
2.925329471461601037e-09
2.956030053218263831e-09
2.896785887556523334e-09
2.810258385849028846e-09
2.925329471461601037e-09
2.868564614536382069e-09
2.779667739672860450e-09
2.896785887556523334e-09
2.839840798596064225e-09
2.748005749386800874e-09
2.868564614536382069e-09
2.810258385849028846e-09
2.715244410165023177e-09
2.839840798596064225e-09
2.779667739672860450e-09
2.681370254470560376e-09
2.810258385849028846e-09
2.748005749386800874e-09
2.646376787048931511e-09
2.779667739672860450e-09
2.715244410165023177e-09
2.610262033912181505e-09
2.748005749386800874e-09
2.681370254470560376e-09
2.573027963852021053e-09
2.715244410165023177e-09
2.646376787048931511e-09
2.534680546965721962e-09
2.681370254470560376e-09
2.610262033912181505e-09
2.495230013288880164e-09
2.646376787048931511e-09
2.573027963852021053e-09
2.454691168101893432e-09
2.610262033912181505e-09
2.534680546965721962e-09
2.413083718346159621e-09
2.573027963852021053e-09
2.495230013288880164e-09
2.370432594012020990e-09
2.534680546965721962e-09
2.454691168101893432e-09
2.326768256613082433e-09
2.495230013288880164e-09
2.413083718346159621e-09
2.282126988361521769e-09
2.454691168101893432e-09
2.370432594012020990e-09
2.236551155150043916e-09
2.413083718346159621e-09
2.326768256613082433e-09
2.190089436149626677e-09
2.370432594012020990e-09
2.282126988361521769e-09
2.142797012170953924e-09
2.326768256613082433e-09
2.236551155150043916e-09
2.094735704596940470e-09
2.282126988361521769e-09
2.190089436149626677e-09
2.045974055533107656e-09
2.236551155150043916e-09
2.142797012170953924e-09
1.996587341016232502e-09
2.190089436149626677e-09
2.094735704596940470e-09
1.946657506752353515e-09
2.142797012170953924e-09
2.045974055533107656e-09
1.896273018254624422e-09
2.094735704596940470e-09
1.996587341016232502e-09
1.845528615837107264e-09
2.045974055533107656e-09
1.946657506752353515e-09
1.794524965990050007e-09
1.996587341016232502e-09
1.896273018254624422e-09
1.743368202199799565e-09
1.946657506752353515e-09
1.845528615837107264e-09
1.692169348356767000e-09
1.896273018254624422e-09
1.794524965990050007e-09
1.641043620896546063e-09
1.845528615837107264e-09
1.743368202199799565e-09
1.590109606765341981e-09
1.794524965990050007e-09
1.692169348356767000e-09
1.539488317726683498e-09
1.743368202199799565e-09
1.641043620896546063e-09
1.489302123032143600e-09
1.692169348356767000e-09
1.590109606765341981e-09
1.439673569941277656e-09
1.641043620896546063e-09
1.539488317726683498e-09
1.390724098698677388e-09
1.590109606765341981e-09
1.489302123032143600e-09
1.342572669877925254e-09
1.539488317726683498e-09
1.439673569941277656e-09
1.295334321354096033e-09
1.489302123032143600e-09
1.390724098698677388e-09
1.249118679143881339e-09
1.439673569941277656e-09
1.342572669877925254e-09
1.204028449996082834e-09
1.390724098698677388e-09
1.295334321354096033e-09
1.160157927927111788e-09
1.342572669877925254e-09
1.249118679143881339e-09
1.117591550665901840e-09
1.295334321354096033e-09
1.204028449996082834e-09
1.076402544881556825e-09
1.249118679143881339e-09
1.160157927927111788e-09
1.036651700928606870e-09
1.204028449996082834e-09
1.117591550665901840e-09
9.983863188558824971e-10
1.160157927927111788e-09
1.076402544881556825e-09
9.616393658623630489e-10
1.117591550665901840e-09
1.036651700928606870e-09
9.264288838483007903e-10
1.076402544881556825e-09
9.983863188558824971e-10
8.927576800937830817e-10
1.036651700928606870e-09
9.616393658623630489e-10
8.606133284876830935e-10
9.983863188558824971e-10
9.264288838483007903e-10
8.299684998542250473e-10
9.616393658623630489e-10
8.927576800937830817e-10
8.007816294926981148e-10
9.264288838483007903e-10
8.606133284876830935e-10
7.729979191728442619e-10
8.927576800937830817e-10
8.299684998542250473e-10
7.465506569837191026e-10
8.606133284876830935e-10
8.007816294926981148e-10
7.213628257760324678e-10
8.299684998542250473e-10
7.729979191728442619e-10
6.973489586057141775e-10
8.007816294926981148e-10
7.465506569837191026e-10
6.744171846884861654e-10
7.729979191728442619e-10
7.213628257760324678e-10
6.524714037829031713e-10
7.465506569837191026e-10
6.973489586057141775e-10
6.314135156171604248e-10
7.213628257760324678e-10
6.744171846884861654e-10
6.111456281811154220e-10
6.973489586057141775e-10
6.524714037829031713e-10
5.915721687426474231e-10
6.744171846884861654e-10
6.314135156171604248e-10
5.726018251219131153e-10
6.524714037829031713e-10
6.111456281811154220e-10
5.541492523350746861e-10
6.314135156171604248e-10
5.915721687426474231e-10
5.361364928095795925e-10
6.111456281811154220e-10
5.726018251219131153e-10
5.184940713728216907e-10
5.915721687426474231e-10
5.541492523350746861e-10
5.011617470320906382e-10
5.726018251219131153e-10
5.361364928095795925e-10
4.840889153261122918e-10
5.541492523350746861e-10
5.184940713728216907e-10
4.672346802626430912e-10
5.361364928095795925e-10
5.011617470320906382e-10
4.505676241801175441e-10
5.184940713728216907e-10
4.840889153261122918e-10
4.340653210967213634e-10
5.011617470320906382e-10
4.672346802626430912e-10
4.177136447230527465e-10
4.840889153261122918e-10
4.505676241801175441e-10
4.015059304609212266e-10
4.672346802626430912e-10
4.340653210967213634e-10
3.854420467030168420e-10
4.505676241801175441e-10
4.177136447230527465e-10
3.695274329481226187e-10
4.340653210967213634e-10
4.015059304609212266e-10
3.537721461868338323e-10
4.177136447230527465e-10
3.854420467030168420e-10
3.381899563870297415e-10
4.015059304609212266e-10
3.695274329481226187e-10
3.227975149297953780e-10
3.854420467030168420e-10
3.537721461868338323e-10
3.076136120469263979e-10
3.695274329481226187e-10
3.381899563870297415e-10
2.926585290545241509e-10
3.537721461868338323e-10
3.227975149297953780e-10
2.779534813201197179e-10
3.381899563870297415e-10
3.076136120469263979e-10
2.635201464971295045e-10
3.227975149297953780e-10
2.493802642911838282e-10
2.926585290545241509e-10
3.076136120469263979e-10
2.779534813201197179e-10
2.355552962599304802e-10
2.926585290545241509e-10
2.635201464971295045e-10
2.220661330333607361e-10
2.779534813201197179e-10
2.493802642911838282e-10
2.089328384274824616e-10
2.635201464971295045e-10
1.961744223250142937e-10
2.355552962599304802e-10
2.493802642911838282e-10
2.220661330333607361e-10
1.838086366911979593e-10
2.355552962599304802e-10
2.089328384274824616e-10
1.718517914510529153e-10
2.220661330333607361e-10
1.961744223250142937e-10
2.089328384274824616e-10
1.838086366911979593e-10
1.961744223250142937e-10
1.718517914510529153e-10
1.385730154371875024e-10
1.838086366911979593e-10
1.603185885849281632e-10
1.283807850987013437e-10
1.718517914510529153e-10
1.492219750450758752e-10
1.186522864558787906e-10
1.603185885849281632e-10
1.093923890473400497e-10
1.385730154371875024e-10
1.492219750450758752e-10
1.283807850987013437e-10
1.006037941349814517e-10
1.385730154371875024e-10
1.186522864558787906e-10
9.228702510658703673e-11
1.283807850987013437e-10
8.444044273224893669e-11
1.093923890473400497e-10
1.186522864558787906e-10
7.706028552448735405e-11
1.006037941349814517e-10
1.093923890473400497e-10
9.228702510658703673e-11
7.014073395433270259e-11
1.006037941349814517e-10
8.444044273224893669e-11
6.367399715844591499e-11
9.228702510658703673e-11
7.706028552448735405e-11
5.765042035805590031e-11
8.444044273224893669e-11
5.205861157563809528e-11
7.014073395433270259e-11
7.706028552448735405e-11
4.688558421578717116e-11
6.367399715844591499e-11
7.014073395433270259e-11
4.211691457461751210e-11
5.765042035805590031e-11
6.367399715844591499e-11
5.205861157563809528e-11
3.773691046452452461e-11
5.765042035805590031e-11
4.239125358957496680e-11
4.688558421578717116e-11
5.205861157563809528e-11
4.211691457461751210e-11
3.016062493132954121e-11
4.688558421578717116e-11
3.773691046452452461e-11
2.689516987100352849e-11
4.211691457461751210e-11
4.239125358957496680e-11
2.393322543951408744e-11
3.773691046452452461e-11
2.125727393268501700e-11
3.016062493132954121e-11
4.239125358957496680e-11
3.562677677889611312e-11
2.689516987100352849e-11
3.016062493132954121e-11
2.393322543951408744e-11
1.675025503267608231e-11
2.689516987100352849e-11
2.125727393268501700e-11
1.486182016556227218e-11
2.393322543951408744e-11
3.562677677889611312e-11
1.317805413199704197e-11
2.125727393268501700e-11
1.675025503267608231e-11
1.168294043418214317e-11
3.562677677889611312e-11
1.486182016556227218e-11
1.150624940183720593e-11
1.675025503267608231e-11
9.239624358094005764e-12
1.317805413199704197e-11
1.486182016556227218e-11
8.243544657138658845e-12
1.168294043418214317e-11
1.317805413199704197e-11
7.370277987926812699e-12
1.168294043418214317e-11
9.239624358094005764e-12
6.608160969214406519e-12
1.150624940183720593e-11
8.243544657138658845e-12
6.095446465280538367e-12
9.239624358094005764e-12
7.370277987926812699e-12
5.404270225012251080e-12
8.243544657138658845e-12
6.608160969214406519e-12
4.924868738549744577e-12
7.370277987926812699e-12
6.095446465280538367e-12
4.510989037925793842e-12
6.608160969214406519e-12
5.404270225012251080e-12
4.155226614760155024e-12
6.095446465280538367e-12
4.924868738549744577e-12
5.404270225012251080e-12
3.609195352134093013e-12
4.510989037925793842e-12
4.924868738549744577e-12
3.395469245979141929e-12
4.510989037925793842e-12
3.867064687041418180e-12
3.212900263513139460e-12
4.155226614760155024e-12
3.609195352134093013e-12
3.315339376629662059e-12
3.867064687041418180e-12
3.395469245979141929e-12
2.932024788107518316e-12
3.609195352134093013e-12
3.212900263513139460e-12
2.824796524423562401e-12
3.395469245979141929e-12
3.315339376629662059e-12
2.732981281401819213e-12
3.212900263513139460e-12
2.654554542626499937e-12
2.932024788107518316e-12
3.315339376629662059e-12
2.590867182509061823e-12
2.824796524423562401e-12
2.932024788107518316e-12
2.732981281401819213e-12
2.535665071968301289e-12
2.824796524423562401e-12
2.654554542626499937e-12
2.488200810042353004e-12
2.732981281401819213e-12
2.590867182509061823e-12
2.657094567953505397e-12
2.654554542626499937e-12
2.535665071968301289e-12
2.417451298790259569e-12
2.590867182509061823e-12
2.488200810042353004e-12
2.382618853054966563e-12
2.535665071968301289e-12
2.657094567953505397e-12
2.355594443198820238e-12
2.488200810042353004e-12
2.417451298790259569e-12
1.623178349479768395e-10
2.657094567953505397e-12
2.382618853054966563e-12
2.318288543008105402e-12
2.417451298790259569e-12
2.291418066407443731e-12
2.355594443198820238e-12
2.382618853054966563e-12
1.623178349479768395e-10
2.273510636250793331e-12
2.355594443198820238e-12
2.318288543008105402e-12
8.183733669995630407e-11
1.623178349479768395e-10
2.291418066407443731e-12
2.241922544623202892e-12
2.318288543008105402e-12
2.227766415995819817e-12
2.273510636250793331e-12
2.291418066407443731e-12
2.214023763804191238e-12
8.183733669995630407e-11
2.273510636250793331e-12
1.951209881575801772e-10
2.241922544623202892e-12
8.183733669995630407e-11
2.193996273816235489e-12
2.227766415995819817e-12
2.241922544623202892e-12
2.176837028311182324e-12
2.214023763804191238e-12
2.227766415995819817e-12
2.165147292712720531e-12
1.951209881575801772e-10
2.214023763804191238e-12
2.200451091084663320e-12
2.193996273816235489e-12
1.951209881575801772e-10
2.176837028311182324e-12
2.153816557268037227e-12
2.193996273816235489e-12
2.132260053364347996e-12
2.165147292712720531e-12
2.176837028311182324e-12
2.121719909566895420e-12
2.200451091084663320e-12
2.165147292712720531e-12
2.111116299600117022e-12
2.153816557268037227e-12
2.200451091084663320e-12
2.305303242402941559e-12
2.132260053364347996e-12
2.153816557268037227e-12
2.121719909566895420e-12
2.091267046607068451e-12
2.132260053364347996e-12
2.111116299600117022e-12
2.081468771691112472e-12
2.121719909566895420e-12
2.305303242402941559e-12
2.071568197631827141e-12
2.111116299600117022e-12
2.091267046607068451e-12
1.997188425311553412e-11
2.305303242402941559e-12
2.081468771691112472e-12
2.053389523843594361e-12
2.091267046607068451e-12
2.071568197631827141e-12
2.043454526194416421e-12
2.081468771691112472e-12
1.997188425311553412e-11
2.034136798159585564e-12
2.071568197631827141e-12
2.053389523843594361e-12
2.025026281915970845e-12
1.997188425311553412e-11
2.043454526194416421e-12
2.020118311065285837e-12
2.053389523843594361e-12
2.034136798159585564e-12
2.007166074244843448e-12
2.043454526194416421e-12
2.025026281915970845e-12
1.998380888127496790e-12
2.034136798159585564e-12
2.020118311065285837e-12
1.989471603261936378e-12
2.025026281915970845e-12
2.323940254922539500e-11
2.007166074244843448e-12
2.020118311065285837e-12
1.973503948550943428e-12
1.998380888127496790e-12
2.007166074244843448e-12
1.963989592277609990e-12
1.989471603261936378e-12
1.998380888127496790e-12
1.955554036201843417e-12
2.323940254922539500e-11
1.989471603261936378e-12
1.973503948550943428e-12
1.946996605850167169e-12
2.323940254922539500e-11
2.733310511701292178e-12
1.973503948550943428e-12
1.930899105701921224e-12
1.955554036201843417e-12
1.963989592277609990e-12
1.922877749850023325e-12
1.946996605850167169e-12
1.955554036201843417e-12
1.914758095068425045e-12
2.733310511701292178e-12
1.471395183556356430e-11
1.946996605850167169e-12
1.930899105701921224e-12
1.899249335841151514e-12
2.733310511701292178e-12
1.922877749850023325e-12
1.891400045614211073e-12
1.930899105701921224e-12
1.914758095068425045e-12
1.883700451974601693e-12
1.922877749850023325e-12
1.471395183556356430e-11
1.875886884302844966e-12
1.914758095068425045e-12
1.899249335841151514e-12
1.949994695745344559e-12
1.471395183556356430e-11
1.891400045614211073e-12
1.861070254603847383e-12
1.899249335841151514e-12
1.883700451974601693e-12
1.853739959186083956e-12
1.891400045614211073e-12
1.875886884302844966e-12
1.846322741019841033e-12
1.883700451974601693e-12
1.949994695745344559e-12
1.988949138084878316e-12
1.875886884302844966e-12
1.861070254603847383e-12
1.856198864763194688e-12
1.949994695745344559e-12
1.853739959186083956e-12
1.824847063403039461e-12
1.861070254603847383e-12
1.846322741019841033e-12
1.817808650970283398e-12
1.853739959186083956e-12
1.988949138084878316e-12
1.810665554122475771e-12
1.846322741019841033e-12
1.856198864763194688e-12
2.502265574295064838e-11
1.988949138084878316e-12
1.824847063403039461e-12
1.797637366466578923e-12
1.856198864763194688e-12
1.817808650970283398e-12
1.790300062459926160e-12
1.824847063403039461e-12
1.810665554122475771e-12
1.783527656796732089e-12
1.817808650970283398e-12
2.502265574295064838e-11
1.776654516030148045e-12
1.810665554122475771e-12
1.797637366466578923e-12
2.258737096547491980e-12
2.502265574295064838e-11
1.790300062459926160e-12
1.763747673441952308e-12
1.797637366466578923e-12
1.783527656796732089e-12
1.757339040377691186e-12
1.790300062459926160e-12
1.776654516030148045e-12
1.750832209206076921e-12
1.783527656796732089e-12
2.258737096547491980e-12
2.521816232112146258e-12
1.776654516030148045e-12
1.763747673441952308e-12
1.739379981460369635e-12
2.258737096547491980e-12
1.757339040377691186e-12
1.732017578655019250e-12
1.763747673441952308e-12
1.750832209206076921e-12
1.725849494064216423e-12
1.757339040377691186e-12
2.521816232112146258e-12
1.719588200884429869e-12
1.750832209206076921e-12
1.739379981460369635e-12
2.261420508769020592e-11
2.521816232112146258e-12
1.732017578655019250e-12
1.739379981460369635e-12
1.701689965594363088e-12
1.725849494064216423e-12
1.695743224317079248e-12
1.732017578655019250e-12
1.719588200884429869e-12
1.689706894675767880e-12
1.725849494064216423e-12
2.261420508769020592e-11
3.443811276883555659e-12
1.719588200884429869e-12
1.708609666757676059e-12
1.678429298674924259e-12
2.261420508769020592e-11
1.701689965594363088e-12
1.672867474258431648e-12
1.708609666757676059e-12
1.695743224317079248e-12
1.667233283773298738e-12
1.701689965594363088e-12
1.689706894675767880e-12
1.661512360822211354e-12
1.695743224317079248e-12
3.443811276883555659e-12
5.269748507774173481e-11
1.689706894675767880e-12
1.678429298674924259e-12
1.652945610964360227e-12
3.443811276883555659e-12
1.672867474258431648e-12
1.645307405938766934e-12
1.678429298674924259e-12
1.667233283773298738e-12
1.639968975632270266e-12
1.672867474258431648e-12
1.661512360822211354e-12
1.634546610504382748e-12
1.667233283773298738e-12
5.269748507774173481e-11
1.648524529109116542e-12
1.661512360822211354e-12
1.652945610964360227e-12
1.624177916508693609e-12
5.269748507774173481e-11
1.645307405938766934e-12
1.618918594785204145e-12
1.652945610964360227e-12
1.639968975632270266e-12
1.613829307892542200e-12
1.645307405938766934e-12
1.634546610504382748e-12
1.608659788774753999e-12
1.639968975632270266e-12
1.648524529109116542e-12
1.603414355755083886e-12
1.634546610504382748e-12
1.624177916508693609e-12
1.778959373318687316e-12
1.648524529109116542e-12
1.618918594785204145e-12
1.593689194297076564e-12
1.624177916508693609e-12
1.613829307892542200e-12
1.588835252169785631e-12
1.618918594785204145e-12
1.608659788774753999e-12
1.583911331120658138e-12
1.613829307892542200e-12
1.603414355755083886e-12
1.578911613383725058e-12
1.608659788774753999e-12
1.778959373318687316e-12
2.603973670833379740e-12
1.603414355755083886e-12
1.569566377425018576e-12
1.593689194297076564e-12
1.778959373318687316e-12
1.564892307531693264e-12
1.588835252169785631e-12
1.593689194297076564e-12
1.560186560284214041e-12
1.583911331120658138e-12
1.588835252169785631e-12
1.555407780944378034e-12
1.578911613383725058e-12
1.583911331120658138e-12
2.334151292562319945e-12
2.603973670833379740e-12
1.578911613383725058e-12
1.546389803023105348e-12
1.569566377425018576e-12
1.541946104357434873e-12
2.603973670833379740e-12
1.564892307531693264e-12
1.537430585039619303e-12
1.569566377425018576e-12
1.560186560284214041e-12
1.532844910095488921e-12
1.564892307531693264e-12
1.555407780944378034e-12
2.323066720297034177e-12
1.560186560284214041e-12
2.334151292562319945e-12
1.524237960668005788e-12
1.555407780944378034e-12
1.546389803023105348e-12
1.519975717113794646e-12
2.334151292562319945e-12
1.541946104357434873e-12
1.515644033506529624e-12
1.546389803023105348e-12
1.537430585039619303e-12
1.511246109333953710e-12
1.541946104357434873e-12
1.532844910095488921e-12
1.742612218349219332e-12
1.537430585039619303e-12
2.323066720297034177e-12
1.503007207863503508e-12
1.532844910095488921e-12
1.524237960668005788e-12
1.498903389351434322e-12
2.323066720297034177e-12
1.519975717113794646e-12
1.494733235069125483e-12
1.524237960668005788e-12
1.515644033506529624e-12
2.136826837362765653e-12
1.519975717113794646e-12
1.511246109333953710e-12
1.490738528340778046e-12
1.515644033506529624e-12
1.742612218349219332e-12
1.482647085262240449e-12
1.511246109333953710e-12
1.503007207863503508e-12
1.478684226524518437e-12
1.742612218349219332e-12
1.498903389351434322e-12
1.474658573147830007e-12
1.503007207863503508e-12
1.494733235069125483e-12
3.804903220749258658e-11
1.498903389351434322e-12
1.467696469416103423e-12
2.136826837362765653e-12
1.494733235069125483e-12
1.463107685196921663e-12
1.490738528340778046e-12
2.136826837362765653e-12
1.482647085262240449e-12
1.459275096309953969e-12
1.490738528340778046e-12
1.455381358888621315e-12
1.478684226524518437e-12
1.482647085262240449e-12
1.797410345454636387e-12
1.474658573147830007e-12
1.478684226524518437e-12
1.448065320434795284e-12
3.804903220749258658e-11
1.474658573147830007e-12
1.444379753108764874e-12
1.467696469416103423e-12
3.804903220749258658e-11
1.440686746134293925e-12
1.463107685196921663e-12
1.467696469416103423e-12
1.436935016106855512e-12
1.459275096309953969e-12
1.465102456164836436e-12
1.463107685196921663e-12
1.455381358888621315e-12
1.429927262971492527e-12
1.459275096309953969e-12
1.797410345454636387e-12
1.426434926752299760e-12
1.455381358888621315e-12
1.448065320434795284e-12
1.422893117991298867e-12
1.797410345454636387e-12
1.444379753108764874e-12
1.419294382549800644e-12
1.448065320434795284e-12
1.440686746134293925e-12
1.445830889183855805e-12
1.444379753108764874e-12
1.436935016106855512e-12
1.412548842034885644e-12
1.440686746134293925e-12
1.465102456164836436e-12
1.409210658698856072e-12
1.436935016106855512e-12
1.429927262971492527e-12
1.405816741465336337e-12
1.465102456164836436e-12
1.426434926752299760e-12
1.402367673510483473e-12
1.422893117991298867e-12
1.429927262971492527e-12
2.371907447457421967e-12
1.419294382549800644e-12
1.426434926752299760e-12
1.395889228002508083e-12
1.445830889183855805e-12
1.422893117991298867e-12
1.392649655336806873e-12
1.412548842034885644e-12
1.419294382549800644e-12
1.389388016779991689e-12
1.409210658698856072e-12
1.445830889183855805e-12
1.386073030930851771e-12
1.412548842034885644e-12
1.405816741465336337e-12
2.753968700078381709e-12
1.409210658698856072e-12
1.402367673510483473e-12
1.379827893572339521e-12
1.405816741465336337e-12
2.371907447457421967e-12
1.376737153632889220e-12
1.402367673510483473e-12
1.395889228002508083e-12
1.373605108669491622e-12
2.371907447457421967e-12
1.392649655336806873e-12
1.370421374217110625e-12
1.395889228002508083e-12
1.389388016779991689e-12
4.189005588066242709e-12
1.392649655336806873e-12
1.386073030930851771e-12
1.364450767886954713e-12
1.389388016779991689e-12
2.753968700078381709e-12
1.361428633719867205e-12
1.386073030930851771e-12
1.358416141747123689e-12
1.379827893572339521e-12
2.753968700078381709e-12
1.355353582333682861e-12
1.376737153632889220e-12
1.379827893572339521e-12
3.058215517378278380e-12
1.373605108669491622e-12
1.376737153632889220e-12
1.349635889375277359e-12
1.370421374217110625e-12
1.346702210685389063e-12
1.373605108669491622e-12
4.189005588066242709e-12
1.343805739294855378e-12
1.370421374217110625e-12
1.364450767886954713e-12
1.340860706920747963e-12
4.189005588066242709e-12
1.361428633719867205e-12
1.678087100123995014e-12
1.364450767886954713e-12
1.358416141747123689e-12
1.335351869641457785e-12
1.361428633719867205e-12
1.355353582333682861e-12
1.332532517566222974e-12
1.358416141747123689e-12
3.058215517378278380e-12
1.329751900493562223e-12
1.349635889375277359e-12
1.355353582333682861e-12
1.326924091005947573e-12
1.346702210685389063e-12
3.058215517378278380e-12
2.143754171331065935e-11
1.343805739294855378e-12
1.349635889375277359e-12
1.321689144953751058e-12
1.340860706920747963e-12
1.346702210685389063e-12
1.318886287923598591e-12
1.678087100123995014e-12
1.343805739294855378e-12
1.316218825650054857e-12
1.335351869641457785e-12
1.340860706920747963e-12
1.313505448940235549e-12
1.332532517566222974e-12
1.678087100123995014e-12
8.238116890719998707e-12
1.329751900493562223e-12
1.335351869641457785e-12
1.311789016037141876e-12
1.326924091005947573e-12
1.332532517566222974e-12
1.305728198968971572e-12
2.143754171331065935e-11
1.329751900493562223e-12
1.303164167532900922e-12
1.321689144953751058e-12
1.326924091005947573e-12
1.300555567965202630e-12
1.318886287923598591e-12
2.143754171331065935e-11
3.808100009125887698e-10
1.316218825650054857e-12
1.321689144953751058e-12
1.298052957541729766e-12
1.313505448940235549e-12
1.318886287923598591e-12
1.293031910272490143e-12
8.238116890719998707e-12
1.316218825650054857e-12
1.290559232824767171e-12
1.311789016037141876e-12
1.313505448940235549e-12
1.288043194719797232e-12
1.305728198968971572e-12
8.238116890719998707e-12
5.103406043681157210e-10
1.303164167532900922e-12
1.311789016037141876e-12
1.291615763477421614e-12
1.300555567965202630e-12
1.305728198968971572e-12
1.280782404316285278e-12
3.808100009125887698e-10
1.303164167532900922e-12
1.278396624956673745e-12
1.298052957541729766e-12
1.300555567965202630e-12
1.275968809665246372e-12
1.293031910272490143e-12
3.808100009125887698e-10
4.526501663196625916e-10
1.290559232824767171e-12
1.298052957541729766e-12
1.282792325102223407e-12
1.288043194719797232e-12
5.103406043681157210e-10
1.293031910272490143e-12
1.291615763477421614e-12
1.266643691908294740e-12
1.290559232824767171e-12
1.280782404316285278e-12
1.264294593782040611e-12
1.288043194719797232e-12
1.278396624956673745e-12
1.000098941952182329e-10
5.103406043681157210e-10
1.275968809665246372e-12
1.264047321189085741e-12
1.291615763477421614e-12
1.257524101337668808e-12
4.526501663196625916e-10
1.280782404316285278e-12
1.282792325102223407e-12
1.255289553275322749e-12
1.278396624956673745e-12
1.268951988933982111e-12
1.253015227078738722e-12
1.275968809665246372e-12
1.266643691908294740e-12
4.970317022701633905e-12
4.526501663196625916e-10
1.264294593782040611e-12
1.249877977566995052e-12
1.282792325102223407e-12
1.000098941952182329e-10
1.246482832319638816e-12
1.268951988933982111e-12
1.264047321189085741e-12
1.244321464619114479e-12
1.266643691908294740e-12
1.257524101337668808e-12
1.242121378021315909e-12
1.264294593782040611e-12
1.255289553275322749e-12
1.000098941952182329e-10
1.253015227078738722e-12
1.238392387070900160e-12
1.264047321189085741e-12
4.970317022701633905e-12
1.235796743068871679e-12
1.257524101337668808e-12
1.249877977566995052e-12
1.255289553275322749e-12
1.231560119389932168e-12
1.253015227078738722e-12
1.244321464619114479e-12
1.576725200914087349e-11
4.970317022701633905e-12
1.227621001031948552e-12
1.249877977566995052e-12
1.225477364001065469e-12
1.666007358757002900e-11
1.246482832319638816e-12
1.238392387070900160e-12
1.223453412292555939e-12
1.244321464619114479e-12
1.221392602404107751e-12
1.235796743068871679e-12
1.242121378021315909e-12
1.233697273860258738e-12
5.203439611113208346e-12
1.666007358757002900e-11
1.231560119389932168e-12
1.217534078425256258e-12
1.238392387070900160e-12
1.215476849698326045e-12
1.235796743068871679e-12
1.227621001031948552e-12
1.213516749465511679e-12
1.233697273860258738e-12
1.225477364001065469e-12
1.211520731568579737e-12
1.231560119389932168e-12
7.370302561984989508e-11
1.223453412292555939e-12
1.576725200914087349e-11
1.221392602404107751e-12
1.207812004928315658e-12
1.205796137420309108e-12
1.227621001031948552e-12
5.203439611113208346e-12
1.203903023756255673e-12
1.217534078425256258e-12
1.225477364001065469e-12
1.201974759805998053e-12
1.215476849698326045e-12
1.223453412292555939e-12
2.348350362001605869e-10
1.213516749465511679e-12
1.221392602404107751e-12
1.202665598744101176e-12
1.211520731568579737e-12
5.203439611113208346e-12
1.196418793143446971e-12
7.370302561984989508e-11
1.217534078425256258e-12
1.194596198816972797e-12
1.207812004928315658e-12
1.215476849698326045e-12
1.205796137420309108e-12
1.192739296890586097e-12
1.213516749465511679e-12
1.203903023756255673e-12
1.190995042274969998e-12
1.211520731568579737e-12
1.201974759805998053e-12
1.189070566133144487e-12
7.370302561984989508e-11
2.348350362001605869e-10
1.187316150386744330e-12
1.207812004928315658e-12
1.202665598744101176e-12
1.185548692121947789e-12
1.205796137420309108e-12
1.196418793143446971e-12
1.183749799233457184e-12
1.203903023756255673e-12
1.194596198816972797e-12
1.181938499489883868e-12
1.201974759805998053e-12
1.271758637870906945e-12
2.348350362001605869e-10
1.190995042274969998e-12
1.178479668381929521e-12
1.202665598744101176e-12
1.189070566133144487e-12
1.176756257525394552e-12
1.196418793143446971e-12
1.187316150386744330e-12
1.175005684339298848e-12
1.194596198816972797e-12
1.185548692121947789e-12
1.209785513707046822e-12
1.192739296890586097e-12
1.183749799233457184e-12
1.219136271866567203e-12
1.190995042274969998e-12
1.181938499489883868e-12
1.169888951461043679e-12
1.189070566133144487e-12
1.168210944443137435e-12
1.271758637870906945e-12
1.187316150386744330e-12
1.178479668381929521e-12
1.166502488821554466e-12
1.185548692121947789e-12
1.176756257525394552e-12
2.105025334581679017e-10
1.183749799233457184e-12
1.175005684339298848e-12
1.163181919381380938e-12
1.181938499489883868e-12
1.209785513707046822e-12
1.161539648351208629e-12
1.271758637870906945e-12
1.219136271866567203e-12
1.159898489014969448e-12
1.178479668381929521e-12
1.169888951461043679e-12
1.158226106285611960e-12
1.176756257525394552e-12
1.168210944443137435e-12
1.587076931025463463e-12
1.175005684339298848e-12
1.155251276546158972e-12
1.166502488821554466e-12
1.209785513707046822e-12
2.105025334581679017e-10
1.153421968478444513e-12
1.219136271866567203e-12
1.163181919381380938e-12
1.151814825977278224e-12
1.169888951461043679e-12
1.161539648351208629e-12
1.159898489014969448e-12
1.465334518769719413e-12
1.168210944443137435e-12
1.158226106285611960e-12
1.147077256503669825e-12
1.166502488821554466e-12
1.587076931025463463e-12
1.145520851596292617e-12
2.105025334581679017e-10
1.155251276546158972e-12
1.143944307744595745e-12
1.163181919381380938e-12
4.520654709304242866e-10
1.153421968478444513e-12
1.161539648351208629e-12
1.151814825977278224e-12
1.150852762055827506e-12
1.159898489014969448e-12
1.150177438827440693e-12
1.139344863437115107e-12
1.158226106285611960e-12
1.465334518769719413e-12
1.137826284681042877e-12
1.587076931025463463e-12
1.147077256503669825e-12
1.136278144922572765e-12
1.155251276546158972e-12
1.145520851596292617e-12
5.054027373417208197e-12
1.153421968478444513e-12
1.143944307744595745e-12
1.133554972763384601e-12
1.151814825977278224e-12
4.520654709304242866e-10
1.131823228536622181e-12
1.150177438827440693e-12
1.150852762055827506e-12
1.130332269419381762e-12
1.465334518769719413e-12
1.139344863437115107e-12
1.128815554063848772e-12
1.147077256503669825e-12
1.137826284681042877e-12
1.158955502507439264e-12
1.145520851596292617e-12
1.136278144922572765e-12
1.125927548832018985e-12
1.143944307744595745e-12
5.054027373417208197e-12
1.124488621712192741e-12
4.520654709304242866e-10
1.133554972763384601e-12
1.123021670179758009e-12
1.150852762055827506e-12
1.131823228536622181e-12
4.299530339778837551e-10
1.139344863437115107e-12
1.122575349415146139e-12
1.130332269419381762e-12
1.137826284681042877e-12
1.128815554063848772e-12
1.118771147525614552e-12
1.136278144922572765e-12
1.117376211632094339e-12
5.054027373417208197e-12
1.125927548832018985e-12
1.115953359539411564e-12
1.133554972763384601e-12
1.124488621712192741e-12
1.114788137821919745e-12
1.131823228536622181e-12
1.123021670179758009e-12
1.227482903012952667e-12
1.130332269419381762e-12
4.299530339778837551e-10
1.111792697572322640e-12
1.128815554063848772e-12
1.122575349415146139e-12
1.110437031968227198e-12
1.158955502507439264e-12
1.109055526264181951e-12
1.118771147525614552e-12
1.125927548832018985e-12
1.117376211632094339e-12
1.107646639178623212e-12
1.124488621712192741e-12
1.115953359539411564e-12
1.365537545497659212e-12
1.123021670179758009e-12
1.114788137821919745e-12
1.104984502816426167e-12
4.299530339778837551e-10
1.227482903012952667e-12
1.103654270454009316e-12
1.122575349415146139e-12
1.111792697572322640e-12
1.102305212603379844e-12
1.118771147525614552e-12
1.110437031968227198e-12
1.100929795412771282e-12
1.117376211632094339e-12
1.109055526264181951e-12
1.112246816891942129e-12
1.115953359539411564e-12
1.098321507219143840e-12
1.107646639178623212e-12
1.114788137821919745e-12
1.365537545497659212e-12
1.097024749556232768e-12
1.227482903012952667e-12
1.104984502816426167e-12
1.095701868708137850e-12
1.111792697572322640e-12
1.105387267748480407e-12
1.103654270454009316e-12
1.110437031968227198e-12
1.102305212603379844e-12
1.100860521360465805e-12
1.109055526264181951e-12
1.100929795412771282e-12
1.091822954232303100e-12
1.107646639178623212e-12
1.112246816891942129e-12
1.090550345326989979e-12
1.365537545497659212e-12
1.098321507219143840e-12
1.089253726286158374e-12
1.104984502816426167e-12
6.112526768707228501e-12
1.097024749556232768e-12
1.103654270454009316e-12
1.095701868708137850e-12
1.088469294197125959e-12
1.102305212603379844e-12
1.105387267748480407e-12
1.085474768879440583e-12
1.100929795412771282e-12
1.100860521360465805e-12
1.084235683635189194e-12
1.112246816891942129e-12
1.091822954232303100e-12
1.082971397090838884e-12
1.098321507219143840e-12
1.090550345326989979e-12
1.109162562691445618e-12
1.097024749556232768e-12
1.089253726286158374e-12
1.135672078622852298e-12
1.095701868708137850e-12
6.112526768707228501e-12
1.079265091465265453e-12
1.105387267748480407e-12
1.088469294197125959e-12
1.078051703979665697e-12
1.100860521360465805e-12
1.085474768879440583e-12
1.076813057016462890e-12
1.091822954232303100e-12
1.084235683635189194e-12
1.396862440319455095e-11
1.090550345326989979e-12
1.082971397090838884e-12
1.096750593748835855e-12
1.089253726286158374e-12
1.109162562691445618e-12
1.073187779659507908e-12
6.112526768707228501e-12
1.135672078622852298e-12
1.071994882914015721e-12
1.088469294197125959e-12
1.079265091465265453e-12
1.070777016537499770e-12
1.085474768879440583e-12
8.831547941840872973e-11
1.078051703979665697e-12
1.084235683635189194e-12
1.076813057016462890e-12
1.068513023512523662e-12
1.082971397090838884e-12
1.396862440319455095e-11
1.067235868176946036e-12
1.109162562691445618e-12
1.096750593748835855e-12
1.066059472682894139e-12
1.135672078622852298e-12
1.073187779659507908e-12
1.064858536508810972e-12
1.079265091465265453e-12
1.071994882914015721e-12
1.261884710125628100e-12
1.078051703979665697e-12
1.070777016537499770e-12
1.062620780336559774e-12
1.076813057016462890e-12
8.831547941840872973e-11
1.061403768986405084e-12
1.396862440319455095e-11
1.068513023512523662e-12
1.060241970047609960e-12
1.096750593748835855e-12
1.067235868176946036e-12
1.059794305751877866e-12
1.073187779659507908e-12
1.066059472682894139e-12
1.145484627500122631e-12
1.071994882914015721e-12
1.064858536508810972e-12
1.056810331963923316e-12
1.070777016537499770e-12
1.261884710125628100e-12
1.055684952438067025e-12
8.831547941840872973e-11
1.062620780336559774e-12
1.054535623413369203e-12
1.068513023512523662e-12
1.061403768986405084e-12
1.090022799205963637e-11
1.067235868176946036e-12
1.060241970047609960e-12
1.052815614141794424e-12
1.066059472682894139e-12
1.059794305751877866e-12
1.051190076786536175e-12
1.064858536508810972e-12
1.145484627500122631e-12
1.050076416354223683e-12
1.261884710125628100e-12
1.056810331963923316e-12
1.048939155023990589e-12
1.062620780336559774e-12
1.055684952438067025e-12
1.860634943237112220e-12
1.061403768986405084e-12
1.054535623413369203e-12
1.046762670585322333e-12
1.060241970047609960e-12
1.090022799205963637e-11
1.045673936498331309e-12
1.059794305751877866e-12
1.052815614141794424e-12
1.044570154198821848e-12
1.145484627500122631e-12
1.051190076786536175e-12
2.573801090408161665e-10
1.056810331963923316e-12
1.050076416354223683e-12
1.050240488382419006e-12
1.055684952438067025e-12
1.048939155023990589e-12
1.041329196059306422e-12
1.054535623413369203e-12
1.860634943237112220e-12
1.040256886266523531e-12
1.090022799205963637e-11
1.046762670585322333e-12
1.039161682824273489e-12
1.052815614141794424e-12
1.045673936498331309e-12
3.266440869374040988e-12
1.051190076786536175e-12
1.044570154198821848e-12
1.037160955457709751e-12
2.573801090408161665e-10
1.050076416354223683e-12
1.036000194242169979e-12
1.048939155023990589e-12
1.034935951469552108e-12
1.050240488382419006e-12
1.860634943237112220e-12
1.041329196059306422e-12
1.254356772689121593e-12
1.046762670585322333e-12
1.040256886266523531e-12
1.074746754222404609e-12
1.045673936498331309e-12
1.039161682824273489e-12
1.031800484861657337e-12
1.044570154198821848e-12
3.266440869374040988e-12
1.030766731100985907e-12
2.573801090408161665e-10
1.037160955457709751e-12
1.029711607477292459e-12
1.050240488382419006e-12
1.452729836060900976e-11
1.041329196059306422e-12
1.034935951469552108e-12
1.028039167677914608e-12
1.040256886266523531e-12
1.026649565056857099e-12
1.254356772689121593e-12
1.039161682824273489e-12
1.074746754222404609e-12
1.025627092593258274e-12
3.266440869374040988e-12
1.031800484861657337e-12
1.024582417968301240e-12
1.037160955457709751e-12
1.030766731100985907e-12
1.803172734512055854e-12
1.036000194242169979e-12
1.022578281162326012e-12
1.034935951469552108e-12
1.452729836060900976e-11
1.021586647428226790e-12
1.028039167677914608e-12
1.020573046420923084e-12
1.254356772689121593e-12
1.026649565056857099e-12
1.029169379399051701e-12
1.074746754222404609e-12
1.018619411394975781e-12
1.031800484861657337e-12
1.025627092593258274e-12
1.030766731100985907e-12
1.024582417968301240e-12
1.017603941872043212e-12
1.803172734512055854e-12
1.029711607477292459e-12
1.016632206456716941e-12
1.022578281162326012e-12
1.452729836060900976e-11
1.015641081936276494e-12
1.021586647428226790e-12
1.028039167677914608e-12
1.014628313299944969e-12
1.020573046420923084e-12
1.026649565056857099e-12
1.603763367422028725e-12
1.029169379399051701e-12
1.012711425101762853e-12
1.025627092593258274e-12
1.018619411394975781e-12
1.011759279532213764e-12
1.024582417968301240e-12
1.017603941872043212e-12
1.803172734512055854e-12
1.010789432774087198e-12
1.016632206456716941e-12
1.022578281162326012e-12
1.009798162599534655e-12
1.015641081936276494e-12
1.021586647428226790e-12
1.008835559619512380e-12
1.014628313299944969e-12
1.020573046420923084e-12
1.007951855999351171e-12
1.603763367422028725e-12
1.006959270201810991e-12
1.012711425101762853e-12
1.006005214983325380e-12
1.018619411394975781e-12
1.011759279532213764e-12
1.005029984627387730e-12
1.017603941872043212e-12
1.010789432774087198e-12
5.670600652929961842e-12
1.016632206456716941e-12
1.009798162599534655e-12
1.003257590535078471e-12
1.015641081936276494e-12
1.008835559619512380e-12
1.002240668126244992e-12
1.014628313299944969e-12
1.007951855999351171e-12
1.001305415950374786e-12
1.603763367422028725e-12
1.006959270201810991e-12
1.000349215645314317e-12
1.012711425101762853e-12
1.006005214983325380e-12
1.006261330610436872e-12
1.011759279532213764e-12
1.005029984627387730e-12
9.988208928846530498e-13
1.010789432774087198e-12
5.670600652929961842e-12
9.975905810867577696e-13
1.009798162599534655e-12
1.003257590535078471e-12
9.966690657714794279e-13
1.008835559619512380e-12
1.002240668126244992e-12
9.957268464946010594e-13
1.007951855999351171e-12
1.001305415950374786e-12
1.925135507450809417e-12
1.006959270201810991e-12
1.000349215645314317e-12
9.941708823495382076e-13
1.006005214983325380e-12
1.006261330610436872e-12
9.930092173075375475e-13
1.005029984627387730e-12
9.988208928846530498e-13
9.920989602001860576e-13
5.670600652929961842e-12
9.975905810867577696e-13
9.911682293939035348e-13
1.003257590535078471e-12
9.966690657714794279e-13
2.936484568757338841e-12
1.002240668126244992e-12
9.957268464946010594e-13
9.893924759461598230e-13
1.001305415950374786e-12
1.925135507450809417e-12
9.884936362671994199e-13
1.000349215645314317e-12
9.941708823495382076e-13
9.875922865217122538e-13
1.006261330610436872e-12
9.930092173075375475e-13
9.866747674015851374e-13
9.988208928846530498e-13
9.920989602001860576e-13
1.251301905072574455e-12
9.975905810867577696e-13
9.911682293939035348e-13
9.849167277725756582e-13
9.966690657714794279e-13
2.936484568757338841e-12
9.840400551562359464e-13
9.957268464946010594e-13
9.893924759461598230e-13
9.831451933691580069e-13
1.925135507450809417e-12
4.735193982002977125e-10
9.941708823495382076e-13
9.875922865217122538e-13
9.930092173075375475e-13
9.866747674015851374e-13
9.805164085891392336e-13
9.920989602001860576e-13
9.796461842308790148e-13
9.911682293939035348e-13
9.849167277725756582e-13
9.787562990504942448e-13
2.936484568757338841e-12
7.709470343004082473e-12
9.893924759461598230e-13
9.831451933691580069e-13
9.884936362671994199e-13
9.761798514029077103e-13
4.735193982002977125e-10
9.875922865217122538e-13
9.932237254191327923e-13
9.753168127917050673e-13
9.866747674015851374e-13
9.805164085891392336e-13
9.744340932318457232e-13
1.251301905072574455e-12
9.796461842308790148e-13
1.875659846892981605e-12
9.849167277725756582e-13
9.787562990504942448e-13
9.727453643664997498e-13
9.840400551562359464e-13
7.709470343004082473e-12
9.718995882440621814e-13
9.831451933691580069e-13
9.772312970714153174e-13
9.710414126330158102e-13
4.735193982002977125e-10
9.761798514029077103e-13
1.770761334655225489e-12
9.932237254191327923e-13
9.713919474796738511e-13
9.753168127917050673e-13
9.805164085891392336e-13
9.744340932318457232e-13
9.685101834885159148e-13
9.796461842308790148e-13
1.875659846892981605e-12
9.676746753153092216e-13
9.787562990504942448e-13
9.727453643664997498e-13
9.668209432373623416e-13
7.709470343004082473e-12
9.718995882440621814e-13
2.773166661979484885e-11
9.772312970714153174e-13
9.710414126330158102e-13
9.662370737149541766e-13
9.761798514029077103e-13
1.770761334655225489e-12
9.643323104077362184e-13
9.753168127917050673e-13
9.713919474796738511e-13
9.635006030341417312e-13
9.744340932318457232e-13
9.626497624973799285e-13
9.685101834885159148e-13
1.875659846892981605e-12
9.676746753153092216e-13
1.108750980439281672e-12
9.727453643664997498e-13
9.610221221964533636e-13
9.718995882440621814e-13
9.602096632879818360e-13
2.773166661979484885e-11
9.710414126330158102e-13
9.662370737149541766e-13
9.593824830204029076e-13
1.770761334655225489e-12
9.643323104077362184e-13
2.394988799894399359e-12
9.713919474796738511e-13
9.635006030341417312e-13
9.757232277201081684e-13
9.685101834885159148e-13
9.626497624973799285e-13
9.569422256582257734e-13
9.676746753153092216e-13
9.561363725096242639e-13
1.108750980439281672e-12
9.668209432373623416e-13
9.553127306305320498e-13
2.773166661979484885e-11
9.691496966700422662e-13
9.602096632879818360e-13
9.662370737149541766e-13
9.541458009335104065e-13
9.643323104077362184e-13
2.394988799894399359e-12
9.529118923306036167e-13
9.635006030341417312e-13
9.757232277201081684e-13
9.521089234386326313e-13
9.626497624973799285e-13
9.569422256582257734e-13
1.108750980439281672e-12
1.702580519071734785e-12
9.561363725096242639e-13
9.610221221964533636e-13
9.553127306305320498e-13
9.497262691118148787e-13
9.602096632879818360e-13
9.691496966700422662e-13
9.489427013671752005e-13
9.593824830204029076e-13
9.541458009335104065e-13
9.481510219624875149e-13
2.394988799894399359e-12
9.529118923306036167e-13
9.473408486092084531e-13
9.757232277201081684e-13
9.521089234386326313e-13
9.569422256582257734e-13
9.512873065452999836e-13
9.561363725096242639e-13
1.702580519071734785e-12
9.450176557678817444e-13
9.553127306305320498e-13
9.442342621462247306e-13
9.497262691118148787e-13
9.691496966700422662e-13
9.489427013671752005e-13
9.434325453173533802e-13
9.541458009335104065e-13
9.481510219624875149e-13
1.040757091339905927e-12
9.529118923306036167e-13
9.473408486092084531e-13
9.418980448825396438e-13
9.521089234386326313e-13
1.385794473649017820e-12
9.411356974315140363e-13
9.512873065452999836e-13
9.457837971852782604e-13
9.403580367447521139e-13
1.702580519071734785e-12
9.450176557678817444e-13
9.395704171808933519e-13
9.497262691118148787e-13
9.442342621462247306e-13
1.045163290225689407e-12
9.489427013671752005e-13
9.380551154864111502e-13
9.434325453173533802e-13
9.481510219624875149e-13
9.373043256162202004e-13
1.040757091339905927e-12
9.473408486092084531e-13
9.365362169321413611e-13
9.418980448825396438e-13
1.385794473649017820e-12
9.411356974315140363e-13
9.357541867591544658e-13
9.457837971852782604e-13
9.403580367447521139e-13
9.979972417361722661e-13
9.450176557678817444e-13
9.342591559639120496e-13
9.442342621462247306e-13
1.045163290225689407e-12
9.335132655557431063e-13
9.434325453173533802e-13
9.380551154864111502e-13
9.327523098763248253e-13
1.040757091339905927e-12
9.329956961338229499e-13
9.373043256162202004e-13
9.418980448825396438e-13
9.365362169321413611e-13
9.559789710579457301e-13
9.411356974315140363e-13
9.357541867591544658e-13
9.305028472415808111e-13
9.403580367447521139e-13
9.979972417361722661e-13
9.297620488487405252e-13
9.395704171808933519e-13
9.342591559639120496e-13
9.290066454834088520e-13
1.045163290225689407e-12
9.335132655557431063e-13
6.673223623138812144e-11
9.380551154864111502e-13
9.327523098763248253e-13
9.335646705562512367e-13
9.373043256162202004e-13
9.329956961338229499e-13
9.267823558495363009e-13
9.365362169321413611e-13
9.559789710579457301e-13
9.260478084656034959e-13
9.357541867591544658e-13
9.305028472415808111e-13
9.252957928762879543e-13
9.979972417361722661e-13
9.297620488487405252e-13
3.210562027272416000e-11
9.342591559639120496e-13
9.290066454834088520e-13
9.251125847269922710e-13
9.335132655557431063e-13
6.673223623138812144e-11
9.231029305106970790e-13
9.327523098763248253e-13
9.335646705562512367e-13
9.223708670849677546e-13
9.329956961338229499e-13
9.267823558495363009e-13
9.216213928356395407e-13
9.559789710579457301e-13
1.555682875256888790e-12
9.260478084656034959e-13
9.305028472415808111e-13
9.252957928762879543e-13
9.202195807903582421e-13
9.297620488487405252e-13
3.210562027272416000e-11
9.194590445249632766e-13
9.290066454834088520e-13
9.251125847269922710e-13
9.187279354847284079e-13
6.673223623138812144e-11
9.231029305106970790e-13
1.053249330600663217e-12
9.335646705562512367e-13
9.223708670849677546e-13
9.631762168622940521e-13
9.267823558495363009e-13
9.216213928356395407e-13
9.165643377758119893e-13
1.555682875256888790e-12
9.260478084656034959e-13
9.158517712393586453e-13
9.252957928762879543e-13
9.202195807903582421e-13
9.151221139726883004e-13
3.210562027272416000e-11
9.194590445249632766e-13
1.110144462156039181e-12
9.251125847269922710e-13
9.187279354847284079e-13
9.137775324204922308e-13
9.231029305106970790e-13
1.053249330600663217e-12
9.129894746893888636e-13
9.631762168622940521e-13
9.223708670849677546e-13
9.122769761023339805e-13
9.165643377758119893e-13
9.216213928356395407e-13
9.115474589740511944e-13
9.158517712393586453e-13
1.555682875256888790e-12
1.689623696095319908e-12
9.151221139726883004e-13
9.101795090022055757e-13
9.202195807903582421e-13
1.110144462156039181e-12
9.094535453269053868e-13
9.194590445249632766e-13
9.137775324204922308e-13
9.187279354847284079e-13
9.087450073157673754e-13
9.129894746893888636e-13
9.080229743035998563e-13
1.053249330600663217e-12
9.122769761023339805e-13
1.105305910172567329e-12
9.631762168622940521e-13
9.115474589740511944e-13
9.066488749025464066e-13
9.165643377758119893e-13
1.689623696095319908e-12
9.059574334386271463e-13
9.158517712393586453e-13
9.101795090022055757e-13
9.052560176102134207e-13
9.151221139726883004e-13
9.094535453269053868e-13
9.045409608783310400e-13
1.110144462156039181e-12
9.087450073157673754e-13
1.002584331082945495e-12
9.137775324204922308e-13
9.080229743035998563e-13
9.031811572839645128e-13
9.129894746893888636e-13
1.105305910172567329e-12
9.024945365783400726e-13
9.122769761023339805e-13
9.066488749025464066e-13
9.017994935924076187e-13
9.115474589740511944e-13
9.059574334386271463e-13
9.011622380236152720e-13
1.689623696095319908e-12
9.052560176102134207e-13
9.090704675333371256e-13
9.101795090022055757e-13
9.045409608783310400e-13
8.997405269532019928e-13
9.094535453269053868e-13
8.990608926656934636e-13
1.002584331082945495e-12
9.087450073157673754e-13
9.031811572839645128e-13
8.983694448215204152e-13
9.080229743035998563e-13
9.024945365783400726e-13
2.068202252125410795e-12
1.105305910172567329e-12
9.017994935924076187e-13
8.972610726597766691e-13
9.066488749025464066e-13
9.011622380236152720e-13
8.963334555709265754e-13
9.059574334386271463e-13
9.090704675333371256e-13
8.956632577037500387e-13
9.052560176102134207e-13
8.997405269532019928e-13
8.949776463187492543e-13
9.045409608783310400e-13
8.990608926656934636e-13
1.329179325763044844e-11
1.002584331082945495e-12
8.958025594359707872e-13
8.983694448215204152e-13
9.031811572839645128e-13
2.068202252125410795e-12
8.929614808372136610e-13
9.024945365783400726e-13
8.972610726597766691e-13
8.922979829557488013e-13
9.017994935924076187e-13
8.963334555709265754e-13
8.916184751515608741e-13
9.011622380236152720e-13
8.956632577037500387e-13
1.308566849805013822e-10
9.090704675333371256e-13
8.949776463187492543e-13
9.047369242309907046e-13
8.997405269532019928e-13
1.329179325763044844e-11
8.896193849036399495e-13
8.990608926656934636e-13
8.958025594359707872e-13
8.889598139667961769e-13
8.983694448215204152e-13
8.882840675761375657e-13
8.929614808372136610e-13
2.068202252125410795e-12
8.922979829557488013e-13
1.582549296316620749e-11
8.972610726597766691e-13
8.916184751515608741e-13
8.897620251865045853e-13
8.963334555709265754e-13
1.308566849805013822e-10
8.863069577065663531e-13
8.956632577037500387e-13
9.047369242309907046e-13
8.856501523485881581e-13
8.949776463187492543e-13
8.896193849036399495e-13
8.849773752150405351e-13
1.329179325763044844e-11
8.889598139667961769e-13
1.461167186143577110e-11
8.958025594359707872e-13
8.882840675761375657e-13
8.839560879841371046e-13
8.929614808372136610e-13
1.582549296316620749e-11
8.830241441162340917e-13
8.922979829557488013e-13
8.897620251865045853e-13
8.823709624292343106e-13
8.916184751515608741e-13
8.863069577065663531e-13
8.817018034160536769e-13
1.308566849805013822e-10
8.856501523485881581e-13
2.151996468236233901e-12
9.047369242309907046e-13
8.849773752150405351e-13
8.804556869513846777e-13
8.896193849036399495e-13
1.461167186143577110e-11
8.797702482648472401e-13
8.889598139667961769e-13
8.839560879841371046e-13
8.791205528678947672e-13
8.882840675761375657e-13
8.784549975735483876e-13
8.830241441162340917e-13
1.582549296316620749e-11
8.823709624292343106e-13
2.217432224155282033e-12
8.897620251865045853e-13
8.817018034160536769e-13
8.771794176343195219e-13
8.863069577065663531e-13
2.151996468236233901e-12
8.765488812794061056e-13
8.856501523485881581e-13
8.804556869513846777e-13
8.759059717209678505e-13
8.849773752150405351e-13
8.797702482648472401e-13
8.752473097343341378e-13
1.461167186143577110e-11
8.791205528678947672e-13
3.133528092421210064e-12
8.839560879841371046e-13
8.784549975735483876e-13
8.740158250136729753e-13
8.830241441162340917e-13
2.217432224155282033e-12
8.733517574777120408e-13
8.823709624292343106e-13
8.771794176343195219e-13
8.727127663907891146e-13
8.817018034160536769e-13
8.765488812794061056e-13
8.720581363949451225e-13
2.151996468236233901e-12
8.759059717209678505e-13
1.157003345014188985e-12
8.804556869513846777e-13
8.752473097343341378e-13
8.708166737556725865e-13
8.797702482648472401e-13
3.133528092421210064e-12
8.701811432009859172e-13
8.791205528678947672e-13
8.740158250136729753e-13
8.695456439329967217e-13
8.784549975735483876e-13
8.733517574777120408e-13
8.689006355898837866e-13
2.217432224155282033e-12
8.727127663907891146e-13
8.898793951221321824e-13
8.771794176343195219e-13
8.720581363949451225e-13
8.676602339073764775e-13
8.765488812794061056e-13
1.157003345014188985e-12
8.670341480014137676e-13
8.759059717209678505e-13
8.708166737556725865e-13
8.664003268073250247e-13
8.752473097343341378e-13
8.701811432009859172e-13
1.384443291628734688e-12
3.133528092421210064e-12
8.695456439329967217e-13
8.684725265771460330e-13
8.740158250136729753e-13
8.689006355898837866e-13
8.645334657812446778e-13
8.733517574777120408e-13
8.898793951221321824e-13
8.639192413610426001e-13
8.727127663907891146e-13
8.676602339073764775e-13
8.632909940843684948e-13
8.720581363949451225e-13
8.670341480014137676e-13
1.555433379672961078e-12
1.157003345014188985e-12
8.664003268073250247e-13
8.972580557304212651e-13
8.708166737556725865e-13
1.384443291628734688e-12
8.614366444450144718e-13
8.701811432009859172e-13
8.684725265771460330e-13
8.608256288726748222e-13
8.695456439329967217e-13
8.645334657812446778e-13
8.602003727250902668e-13
8.689006355898837866e-13
8.639192413610426001e-13
1.399591289513756177e-10
8.898793951221321824e-13
8.632909940843684948e-13
8.742217221303618928e-13
8.676602339073764775e-13
1.555433379672961078e-12
8.583685809531772592e-13
8.670341480014137676e-13
8.972580557304212651e-13
8.577664267999785823e-13
8.664003268073250247e-13
8.614366444450144718e-13
8.571495388351085589e-13
1.384443291628734688e-12
8.608256288726748222e-13
8.567926534702173907e-13
8.684725265771460330e-13
8.602003727250902668e-13
9.546903852037981829e-13
8.645334657812446778e-13
1.399591289513756177e-10
8.553268120237922923e-13
8.639192413610426001e-13
8.742217221303618928e-13
8.547283028169581863e-13
8.632909940843684948e-13
8.583685809531772592e-13
8.541178711165335223e-13
1.555433379672961078e-12
8.577664267999785823e-13
8.534949503570097804e-13
8.972580557304212651e-13
8.571495388351085589e-13
8.933626450833740040e-13
8.614366444450144718e-13
8.567926534702173907e-13
8.523099646571903132e-13
8.608256288726748222e-13
9.546903852037981829e-13
8.517112560064926801e-13
8.602003727250902668e-13
8.553268120237922923e-13
8.511053122592030138e-13
1.399591289513756177e-10
8.547283028169581863e-13
8.505302847407872786e-13
8.742217221303618928e-13
8.541178711165335223e-13
8.678208462040099249e-13
8.583685809531772592e-13
8.534949503570097804e-13
8.493089317648317122e-13
8.577664267999785823e-13
8.933626450833740040e-13
8.487143409326574767e-13
8.571495388351085589e-13
8.523099646571903132e-13
8.481105202830164996e-13
8.567926534702173907e-13
8.517112560064926801e-13
3.716840892364442640e-12
9.546903852037981829e-13
8.511053122592030138e-13
8.489564175604815656e-13
8.553268120237922923e-13
8.505302847407872786e-13
8.463275986721361286e-13
8.547283028169581863e-13
8.678208462040099249e-13
8.457395539793708769e-13
8.541178711165335223e-13
8.493089317648317122e-13
8.451374628286047896e-13
8.534949503570097804e-13
8.487143409326574767e-13
5.128609002355898558e-11
8.933626450833740040e-13
8.481105202830164996e-13
8.467740548489155358e-13
8.523099646571903132e-13
3.716840892364442640e-12
8.433717694980640800e-13
8.517112560064926801e-13
8.489564175604815656e-13
8.427849282974862286e-13
8.511053122592030138e-13
8.463275986721361286e-13
8.421834533321929170e-13
8.505302847407872786e-13
8.457395539793708769e-13
9.088790558002279343e-13
8.678208462040099249e-13
8.451374628286047896e-13
8.410369346001923146e-13
8.493089317648317122e-13
5.128609002355898558e-11
8.404394229283006828e-13
8.487143409326574767e-13
8.467740548489155358e-13
8.398542363927499094e-13
8.481105202830164996e-13
8.433717694980640800e-13
8.392545076069881385e-13
3.716840892364442640e-12
8.427849282974862286e-13
2.020658617781282853e-12
8.489564175604815656e-13
8.421834533321929170e-13
8.380984148269617798e-13
8.463275986721361286e-13
9.088790558002279343e-13
8.375287280595308957e-13
8.457395539793708769e-13
8.410369346001923146e-13
8.369452182717114367e-13
8.451374628286047896e-13
8.404394229283006828e-13
8.363492908136556035e-13
5.128609002355898558e-11
8.398542363927499094e-13
8.726818988780986910e-13
8.467740548489155358e-13
8.392545076069881385e-13
8.352076302339322889e-13
8.433717694980640800e-13
2.020658617781282853e-12
8.346417148806279687e-13
8.427849282974862286e-13
8.380984148269617798e-13
8.340614744666851204e-13
8.421834533321929170e-13
8.375287280595308957e-13
8.340965766181548997e-13
9.088790558002279343e-13
8.369452182717114367e-13
8.555639835834990431e-13
8.410369346001923146e-13
8.363492908136556035e-13
8.323385413845268222e-13
8.404394229283006828e-13
8.726818988780986910e-13
8.317731473808066043e-13
8.398542363927499094e-13
8.352076302339322889e-13
8.311943052495233096e-13
8.392545076069881385e-13
8.346417148806279687e-13
4.149902407595257326e-10
2.020658617781282853e-12
8.340614744666851204e-13
8.431186089093454304e-13
8.380984148269617798e-13
8.340965766181548997e-13
8.294876922773257997e-13
8.375287280595308957e-13
8.555639835834990431e-13
8.289226051852942080e-13
8.369452182717114367e-13
8.323385413845268222e-13
8.283437521759036766e-13
8.363492908136556035e-13
8.317731473808066043e-13
3.611551258490869451e-12
8.726818988780986910e-13
8.311943052495233096e-13
8.273313032179770544e-13
8.352076302339322889e-13
8.266550791407774083e-13
4.149902407595257326e-10
8.346417148806279687e-13
8.431186089093454304e-13
8.260891275024365964e-13
8.340614744666851204e-13
8.294876922773257997e-13
8.255093042365390791e-13
8.340965766181548997e-13
8.289226051852942080e-13
8.566791482052760143e-13
8.555639835834990431e-13
8.283437521759036766e-13
8.244092313682658033e-13
8.323385413845268222e-13
3.611551258490869451e-12
8.238417174097153095e-13
8.317731473808066043e-13
8.273313032179770544e-13
8.232747196544980513e-13
8.311943052495233096e-13
8.266550791407774083e-13
1.231068134314613276e-10
4.149902407595257326e-10
8.260891275024365964e-13
8.271894506019537487e-13
8.431186089093454304e-13
8.255093042365390791e-13
8.216031039297023701e-13
8.294876922773257997e-13
8.566791482052760143e-13
8.210507937722274235e-13
8.289226051852942080e-13
8.244092313682658033e-13
8.204849543144480427e-13
8.283437521759036766e-13
8.238417174097153095e-13
6.050715657583950156e-11
3.611551258490869451e-12
8.232747196544980513e-13
8.202684590834441955e-13
8.273313032179770544e-13
1.231068134314613276e-10
8.188284656765122671e-13
8.266550791407774083e-13
8.182760922477889043e-13
8.271894506019537487e-13
8.260891275024365964e-13
8.216031039297023701e-13
8.177098754766840173e-13
8.255093042365390791e-13
8.210507937722274235e-13
1.197151006891561544e-12
8.566791482052760143e-13
8.204849543144480427e-13
8.166945468329845624e-13
8.244092313682658033e-13
8.160740142152000655e-13
6.050715657583950156e-11
8.238417174097153095e-13
8.202684590834441955e-13
8.155222922564648739e-13
8.232747196544980513e-13
8.188284656765122671e-13
8.149581101686820314e-13
1.231068134314613276e-10
8.182760922477889043e-13
1.097878706487649862e-12
8.271894506019537487e-13
8.138785185963075952e-13
8.177098754766840173e-13
8.216031039297023701e-13
1.197151006891561544e-12
8.133391354573361965e-13
8.210507937722274235e-13
8.166945468329845624e-13
8.127887420618985451e-13
8.204849543144480427e-13
8.160740142152000655e-13
8.208395460953278527e-13
6.050715657583950156e-11
8.155222922564648739e-13
8.803702907615247667e-13
8.202684590834441955e-13
8.149581101686820314e-13
8.111611570562919898e-13
8.188284656765122671e-13
1.097878706487649862e-12
8.106272240239554163e-13
8.182760922477889043e-13
8.138785185963075952e-13
8.100808361543353662e-13
8.177098754766840173e-13
8.219732302476620021e-13
8.133391354573361965e-13
1.197151006891561544e-12
8.127887420618985451e-13
8.472797897500905823e-13
8.166945468329845624e-13
8.208395460953278527e-13
8.084634475617282737e-13
8.160740142152000655e-13
8.803702907615247667e-13
8.079318194788579096e-13
8.155222922564648739e-13
8.111611570562919898e-13
8.073879506080951670e-13
8.149581101686820314e-13
8.106272240239554163e-13
1.204668880060113730e-12
1.097878706487649862e-12
8.100808361543353662e-13
8.110528821967685024e-13
8.138785185963075952e-13
8.219732302476620021e-13
8.057850180395061728e-13
8.133391354573361965e-13
8.472797897500905823e-13
8.052599692193709017e-13
8.127887420618985451e-13
8.084634475617282737e-13
8.047216539817524944e-13
8.208395460953278527e-13
8.079318194788579096e-13
8.041710116634237126e-13
8.803702907615247667e-13
8.073879506080951670e-13
8.506427574067445088e-13
8.111611570562919898e-13
1.204668880060113730e-12
8.031279004305213881e-13
8.106272240239554163e-13
8.110528821967685024e-13
8.026126374423685313e-13
8.100808361543353662e-13
8.057850180395061728e-13
8.020844574626927202e-13
8.219732302476620021e-13
8.015429357455376170e-13
8.052599692193709017e-13
8.472797897500905823e-13
8.047216539817524944e-13
2.333258538846726838e-12
8.084634475617282737e-13
8.041710116634237126e-13
8.005054285135852333e-13
8.079318194788579096e-13
8.506427574067445088e-13
7.999787334194073386e-13
8.073879506080951670e-13
8.031279004305213881e-13
7.994587410336221621e-13
1.204668880060113730e-12
8.026126374423685313e-13
7.989255051252930028e-13
8.110528821967685024e-13
8.020844574626927202e-13
9.277327326871934366e-11
8.057850180395061728e-13
8.015429357455376170e-13
7.986901091925759436e-13
7.973594603242747107e-13
2.333258538846726838e-12
8.052599692193709017e-13
8.005054285135852333e-13
8.047216539817524944e-13
7.968449692719185599e-13
7.999787334194073386e-13
8.041710116634237126e-13
7.963174521317475592e-13
7.994587410336221621e-13
8.506427574067445088e-13
8.102826191829704390e-13
7.989255051252930028e-13
8.031279004305213881e-13
8.641049976176151075e-13
9.277327326871934366e-11
8.026126374423685313e-13
7.947561206229902705e-13
7.986901091925759436e-13
8.020844574626927202e-13
7.942443026045232733e-13
7.973594603242747107e-13
8.015429357455376170e-13
7.937199331685826605e-13
7.968449692719185599e-13
1.202415716108503315e-12
2.333258538846726838e-12
7.963174521317475592e-13
8.005054285135852333e-13
8.215590408963213363e-13
8.102826191829704390e-13
7.999787334194073386e-13
7.921689277918343617e-13
8.641049976176151075e-13
7.994587410336221621e-13
7.916579213627405299e-13
7.947561206229902705e-13
7.989255051252930028e-13
7.911348409312802319e-13
7.942443026045232733e-13
9.277327326871934366e-11
2.327525901128375749e-10
7.937199331685826605e-13
7.986901091925759436e-13
7.914006431011764795e-13
1.202415716108503315e-12
7.973594603242747107e-13
7.895961664394210041e-13
8.215590408963213363e-13
7.968449692719185599e-13
7.890861562628439436e-13
7.921689277918343617e-13
7.963174521317475592e-13
7.885632171148555421e-13
7.916579213627405299e-13
8.102826191829704390e-13
4.246550757916889848e-12
7.911348409312802319e-13
8.641049976176151075e-13
7.879770254117268679e-13
2.327525901128375749e-10
7.947561206229902705e-13
7.870390409736240118e-13
7.914006431011764795e-13
7.942443026045232733e-13
7.865279423181325946e-13
7.895961664394210041e-13
7.937199331685826605e-13
7.860043696630193629e-13
7.890861562628439436e-13
1.202415716108503315e-12
9.167368341016346594e-13
7.885632171148555421e-13
8.215590408963213363e-13
7.850061710947252495e-13
4.246550757916889848e-12
7.921689277918343617e-13
7.844958271227881460e-13
7.879770254117268679e-13
7.916579213627405299e-13
7.839827373151479762e-13
7.870390409736240118e-13
7.911348409312802319e-13
1.738266279755918397e-10
7.865279423181325946e-13
2.327525901128375749e-10
7.845956364231946307e-13
7.860043696630193629e-13
7.914006431011764795e-13
7.824749765435770238e-13
9.167368341016346594e-13
7.895961664394210041e-13
7.819785030341444388e-13
7.850061710947252495e-13
7.890861562628439436e-13
7.814698481472452964e-13
7.844958271227881460e-13
7.885632171148555421e-13
1.419917243810936207e-12
7.839827373151479762e-13
4.246550757916889848e-12
7.848430013701874566e-13
1.738266279755918397e-10
7.879770254117268679e-13
7.799690989444210505e-13
7.845956364231946307e-13
7.870390409736240118e-13
7.794770856623815768e-13
7.824749765435770238e-13
7.865279423181325946e-13
7.789726280486724586e-13
7.819785030341444388e-13
7.860043696630193629e-13
8.215696234745524173e-13
7.814698481472452964e-13
9.167368341016346594e-13
8.190314776688246746e-13
1.419917243810936207e-12
7.850061710947252495e-13
7.774781731199126683e-13
7.848430013701874566e-13
7.844958271227881460e-13
7.769881778635847364e-13
7.799690989444210505e-13
7.839827373151479762e-13
7.764856315951351114e-13
7.794770856623815768e-13
1.738266279755918397e-10
1.476142890293311093e-10
7.789726280486724586e-13
7.845956364231946307e-13
7.824295178585871307e-13
8.215696234745524173e-13
7.824749765435770238e-13
7.750026315254712720e-13
8.190314776688246746e-13
7.819785030341444388e-13
7.745126847998764277e-13
7.774781731199126683e-13
7.814698481472452964e-13
7.740106448166561841e-13
7.769881778635847364e-13
1.419917243810936207e-12
5.669767881729473719e-11
7.764856315951351114e-13
7.848430013701874566e-13
7.730182832562405349e-13
1.476142890293311093e-10
7.799690989444210505e-13
7.725410101617621919e-13
7.824295178585871307e-13
7.794770856623815768e-13
7.750026315254712720e-13
7.720513264793617199e-13
7.789726280486724586e-13
7.745126847998764277e-13
7.715492630297384575e-13
8.215696234745524173e-13
7.740106448166561841e-13
9.091522944683937703e-13
8.190314776688246746e-13
7.706764130579778052e-13
5.669767881729473719e-11
7.774781731199126683e-13
7.700935015390871689e-13
7.730182832562405349e-13
7.769881778635847364e-13
7.725410101617621919e-13
7.696029206449711632e-13
7.764856315951351114e-13
7.720513264793617199e-13
7.691417173729498382e-13
1.476142890293311093e-10
7.715492630297384575e-13
9.126643023390599054e-13
7.824295178585871307e-13
9.091522944683937703e-13
7.681399835912042508e-13
7.750026315254712720e-13
7.706764130579778052e-13
7.676616384041710324e-13
7.745126847998764277e-13
7.700935015390871689e-13
7.671710776605040254e-13
7.740106448166561841e-13
4.443799527798563618e-10
7.696029206449711632e-13
5.669767881729473719e-11
7.780101188676986547e-13
7.691417173729498382e-13
7.730182832562405349e-13
9.126643023390599054e-13
7.657220870459892042e-13
7.725410101617621919e-13
7.681399835912042508e-13
7.652423280005675897e-13
7.720513264793617199e-13
7.676616384041710324e-13
7.647506295945749196e-13
7.715492630297384575e-13
7.671710776605040254e-13
8.569351894435531704e-12
9.091522944683937703e-13
4.443799527798563618e-10
7.639769126338274399e-13
7.706764130579778052e-13
7.780101188676986547e-13
7.633165044783683793e-13
7.700935015390871689e-13
7.657220870459892042e-13
7.696029206449711632e-13
7.652423280005675897e-13
7.623414495523886497e-13
7.691417173729498382e-13
7.647506295945749196e-13
7.831924431652461281e-13
9.126643023390599054e-13
8.569351894435531704e-12
7.614013721798747735e-13
7.681399835912042508e-13
7.639769126338274399e-13
7.609330952978905379e-13
7.676616384041710324e-13
7.633165044783683793e-13
7.604556655833269346e-13
7.671710776605040254e-13
7.628349974708289880e-13
7.599661534986248637e-13
4.443799527798563618e-10
7.623414495523886497e-13
1.288991981508377494e-12
7.780101188676986547e-13
7.590303250367346485e-13
7.831924431652461281e-13
7.614013721798747735e-13
7.657220870459892042e-13
7.585653243432478713e-13
7.609330952978905379e-13
7.652423280005675897e-13
7.580926237676039361e-13
7.604556655833269346e-13
7.647506295945749196e-13
7.576079142681905938e-13
7.599661534986248637e-13
8.569351894435531704e-12
4.948104152687705157e-12
1.288991981508377494e-12
7.639769126338274399e-13
7.566889087155421275e-13
7.590303250367346485e-13
7.633165044783683793e-13
7.562101453393340934e-13
7.628349974708289880e-13
7.585653243432478713e-13
7.557405011222385772e-13
7.623414495523886497e-13
7.580926237676039361e-13
7.552589179200496014e-13
7.576079142681905938e-13
7.831924431652461281e-13
4.745152702320544313e-12
4.948104152687705157e-12
7.614013721798747735e-13
7.544432725050787145e-13
7.566889087155421275e-13
7.609330952978905379e-13
7.538683916534209507e-13
7.562101453393340934e-13
7.604556655833269346e-13
7.534008526889027357e-13
7.557405011222385772e-13
7.599661534986248637e-13
7.529214470416841776e-13
7.552589179200496014e-13
1.288991981508377494e-12
2.338365419032501003e-12
4.745152702320544313e-12
7.590303250367346485e-13
7.520113393060720344e-13
7.544432725050787145e-13
7.585653243432478713e-13
7.515389286715433670e-13
7.538683916534209507e-13
7.580926237676039361e-13
7.510718518552530301e-13
7.534008526889027357e-13
7.576079142681905938e-13
7.506373727463197838e-13
7.529214470416841776e-13
4.948104152687705157e-12
9.258677547754302869e-13
2.338365419032501003e-12
7.566889087155421275e-13
7.496823870767241048e-13
7.520113393060720344e-13
7.562101453393340934e-13
7.492212627084174390e-13
7.515389286715433670e-13
7.557405011222385772e-13
7.487533941016502662e-13
7.510718518552530301e-13
7.552589179200496014e-13
1.720189377366821789e-11
7.506373727463197838e-13
4.745152702320544313e-12
7.561634364793815516e-13
9.258677547754302869e-13
7.544432725050787145e-13
7.473740007310719209e-13
7.496823870767241048e-13
7.538683916534209507e-13
7.469169559580284395e-13
7.492212627084174390e-13
7.534008526889027357e-13
7.464484729073219512e-13
7.487533941016502662e-13
7.529214470416841776e-13
6.848745083787656896e-12
1.720189377366821789e-11
2.338365419032501003e-12
7.456506231309961251e-13
7.561634364793815516e-13
7.520113393060720344e-13
7.450821201346102796e-13
7.473740007310719209e-13
7.515389286715433670e-13
7.446236863680596954e-13
7.469169559580284395e-13
7.510718518552530301e-13
7.441571793131536879e-13
7.464484729073219512e-13
7.506373727463197838e-13
8.734536129068232624e-13
6.848745083787656896e-12
9.258677547754302869e-13
7.432573205562737450e-13
7.456506231309961251e-13
7.496823870767241048e-13
7.428026558733802283e-13
7.450821201346102796e-13
7.492212627084174390e-13
7.423425681879671385e-13
7.446236863680596954e-13
7.487533941016502662e-13
1.027528959147746237e-10
7.441571793131536879e-13
1.720189377366821789e-11
7.428173852426265982e-13
8.734536129068232624e-13
7.561634364793815516e-13
7.409852189025792020e-13
7.432573205562737450e-13
7.473740007310719209e-13
7.405345001298190387e-13
7.428026558733802283e-13
7.469169559580284395e-13
7.400723049179011668e-13
7.423425681879671385e-13
7.464484729073219512e-13
2.370630934781065105e-12
1.027528959147746237e-10
6.848745083787656896e-12
7.392440086646434833e-13
7.428173852426265982e-13
7.456506231309961251e-13
7.387311188026797154e-13
7.409852189025792020e-13
7.450821201346102796e-13
7.382785027076330617e-13
7.405345001298190387e-13
7.446236863680596954e-13
7.799231560904563047e-13
7.400723049179011668e-13
7.441571793131536879e-13
7.375285045397293977e-13
2.370630934781065105e-12
8.734536129068232624e-13
7.369342017784432368e-13
7.392440086646434833e-13
7.432573205562737450e-13
7.364898850396241317e-13
7.387311188026797154e-13
7.428026558733802283e-13
7.360360504377368754e-13
7.382785027076330617e-13
7.423425681879671385e-13
3.620617305734238747e-11
7.799231560904563047e-13
1.027528959147746237e-10
7.375285045397293977e-13
7.365442582762473135e-13
7.428173852426265982e-13
7.347038899459716699e-13
7.369342017784432368e-13
7.409852189025792020e-13
7.342593690921666961e-13
7.364898850396241317e-13
7.405345001298190387e-13
7.338035812445675992e-13
7.360360504377368754e-13
7.400723049179011668e-13
3.620617305734238747e-11
2.467704137688993041e-12
2.370630934781065105e-12
7.365442582762473135e-13
7.329729992311391255e-13
7.392440086646434833e-13
7.347038899459716699e-13
7.324940144089146848e-13
7.387311188026797154e-13
7.342593690921666961e-13
7.320530600303292408e-13
7.382785027076330617e-13
7.338035812445675992e-13
7.316008662297279236e-13
7.799231560904563047e-13
1.344491564676797628e-12
2.467704137688993041e-12
7.375285045397293977e-13
7.307307020184455569e-13
7.329729992311391255e-13
7.369342017784432368e-13
7.302953334638751570e-13
7.324940144089146848e-13
7.364898850396241317e-13
7.320530600303292408e-13
7.298562540710724169e-13
7.360360504377368754e-13
7.316008662297279236e-13
7.294060003749506442e-13
3.620617305734238747e-11
1.344491564676797628e-12
9.038932099090458914e-13
7.365442582762473135e-13
7.307307020184455569e-13
7.285438035411018555e-13
7.347038899459716699e-13
7.302953334638751570e-13
7.281076325553906280e-13
7.342593690921666961e-13
7.276688367950046305e-13
7.338035812445675992e-13
7.294060003749506442e-13
7.273693784288522611e-13
2.467704137688993041e-12
9.038932099090458914e-13
7.268869984449607608e-13
7.329729992311391255e-13
7.285438035411018555e-13
7.263596110103052976e-13
7.324940144089146848e-13
7.281076325553906280e-13
7.259308980166662909e-13
7.320530600303292408e-13
7.276688367950046305e-13
7.254913549571987409e-13
7.316008662297279236e-13
7.273693784288522611e-13
2.040675794239461723e-10
1.344491564676797628e-12
7.259108479691199023e-13
7.268869984449607608e-13
7.307307020184455569e-13
7.263596110103052976e-13
7.241948707385662753e-13
7.302953334638751570e-13
7.259308980166662909e-13
7.237646976860989804e-13
7.298562540710724169e-13
7.254913549571987409e-13
7.233236916573017161e-13
7.294060003749506442e-13
2.040675794239461723e-10
9.406913871724842348e-12
9.038932099090458914e-13
7.259108479691199023e-13
7.225218580544989453e-13
7.285438035411018555e-13
7.241948707385662753e-13
7.220451021698676516e-13
7.281076325553906280e-13
7.237646976860989804e-13
7.216169460119414011e-13
7.276688367950046305e-13
7.233236916573017161e-13
7.211778545701215223e-13
7.273693784288522611e-13
9.406913871724842348e-12
3.957737560278571592e-12
7.268869984449607608e-13
7.225218580544989453e-13
7.203298085992474763e-13
7.263596110103052976e-13
7.220451021698676516e-13
7.199064560110519195e-13
7.259308980166662909e-13
7.216169460119414011e-13
7.194786883704148648e-13
7.254913549571987409e-13
7.211778545701215223e-13
7.190402182836230688e-13
2.040675794239461723e-10
3.957737560278571592e-12
9.556696985584367780e-13
7.259108479691199023e-13
7.203298085992474763e-13
7.181972362952368126e-13
7.241948707385662753e-13
7.177788036143070316e-13
7.199064560110519195e-13
7.237646976860989804e-13
7.173506475120954142e-13
7.194786883704148648e-13
7.233236916573017161e-13
7.190402182836230688e-13
1.190215540239481431e-12
9.406913871724842348e-12
9.556696985584367780e-13
7.477776857786225529e-13
7.225218580544989453e-13
7.181972362952368126e-13
7.160820912340219339e-13
7.220451021698676516e-13
7.177788036143070316e-13
7.156644331054308741e-13
7.216169460119414011e-13
7.173506475120954142e-13
7.152369030833286756e-13
7.211778545701215223e-13
1.190215540239481431e-12
2.291622362469855182e-10
3.957737560278571592e-12
7.190575284962096737e-13
7.477776857786225529e-13
7.203298085992474763e-13
7.139788493966327271e-13
7.160820912340219339e-13
7.199064560110519195e-13
7.156644331054308741e-13
7.135628406024446515e-13
7.194786883704148648e-13
7.152369030833286756e-13
7.131363231342324610e-13
7.190402182836230688e-13
2.291622362469855182e-10
7.741231806251597166e-13
9.556696985584367780e-13
7.190575284962096737e-13
7.142218518567312020e-13
7.181972362952368126e-13
7.139788493966327271e-13
7.118896852614341169e-13
7.177788036143070316e-13
7.135628406024446515e-13
7.114764938866235488e-13
7.173506475120954142e-13
7.110526953101036555e-13
1.190215540239481431e-12
7.741231806251597166e-13
2.598840728856378494e-12
7.477776857786225529e-13
7.142218518567312020e-13
7.104797673345714757e-13
7.160820912340219339e-13
7.118896852614341169e-13
7.098112252910299296e-13
7.156644331054308741e-13
7.114764938866235488e-13
7.093989531686121566e-13
7.152369030833286756e-13
7.110526953101036555e-13
7.089761385655700524e-13
2.291622362469855182e-10
2.598840728856378494e-12
4.143290206653417486e-12
7.190575284962096737e-13
7.104797673345714757e-13
7.081589743260164253e-13
7.139788493966327271e-13
7.098112252910299296e-13
7.077457758327010465e-13
7.135628406024446515e-13
7.093989531686121566e-13
7.073355918942631836e-13
7.131363231342324610e-13
7.089761385655700524e-13
7.069149042699110327e-13
7.741231806251597166e-13
4.143290206653417486e-12
8.850240379309019156e-12
7.142218518567312020e-13
7.081589743260164253e-13
7.064941358261334048e-13
7.118896852614341169e-13
7.077457758327010465e-13
7.056908614918512002e-13
7.114764938866235488e-13
7.073355918942631836e-13
7.052814831912538023e-13
7.110526953101036555e-13
7.048616520173258270e-13
7.069149042699110327e-13
2.598840728856378494e-12
8.850240379309019156e-12
1.737600103594282570e-12
7.104797673345714757e-13
7.064941358261334048e-13
7.041130264806662667e-13
7.098112252910299296e-13
7.056908614918512002e-13
7.036464100073861244e-13
7.093989531686121566e-13
7.052814831912538023e-13
7.032369297173231681e-13
7.089761385655700524e-13
7.048616520173258270e-13
7.028242754481888844e-13
4.143290206653417486e-12
1.737600103594282570e-12
7.205157425952630443e-13
7.081589743260164253e-13
7.041130264806662667e-13
7.020184257946627524e-13
7.077457758327010465e-13
7.016128674931854086e-13
7.036464100073861244e-13
7.073355918942631836e-13
7.012031158726214057e-13
7.032369297173231681e-13
7.069149042699110327e-13
7.028242754481888844e-13
1.266207611030209423e-10
8.850240379309019156e-12
7.205157425952630443e-13
7.054031208170305319e-13
7.064941358261334048e-13
7.020184257946627524e-13
6.999896045367259902e-13
7.056908614918512002e-13
7.016128674931854086e-13
6.995888121152228541e-13
7.052814831912538023e-13
7.012031158726214057e-13
6.991778828719397681e-13
7.048616520173258270e-13
1.451867666924152864e-11
1.266207611030209423e-10
1.737600103594282570e-12
6.984607876592700169e-13
7.054031208170305319e-13
7.041130264806662667e-13
6.979761721960835359e-13
6.999896045367259902e-13
7.036464100073861244e-13
6.995888121152228541e-13
6.975735948151145718e-13
7.032369297173231681e-13
6.991778828719397681e-13
6.971607792202392084e-13
7.028242754481888844e-13
1.451867666924152864e-11
1.861654614797442943e-12
7.205157425952630443e-13
6.984607876592700169e-13
6.963994942619696186e-13
7.020184257946627524e-13
6.979761721960835359e-13
6.959846940474946313e-13
7.016128674931854086e-13
6.955891641088099366e-13
6.975735948151145718e-13
7.012031158726214057e-13
6.951834537287937295e-13
6.971607792202392084e-13
1.266207611030209423e-10
7.124649874110859953e-11
1.861654614797442943e-12
7.054031208170305319e-13
6.963994942619696186e-13
6.946458634486280418e-13
6.999896045367259902e-13
6.959846940474946313e-13
6.939999544730187875e-13
6.995888121152228541e-13
6.955891641088099366e-13
6.936082795878546008e-13
6.991778828719397681e-13
6.951834537287937295e-13
6.932064849978835831e-13
1.451867666924152864e-11
7.124649874110859953e-11
2.541127503500044282e-10
6.984607876592700169e-13
6.991038980048475816e-13
6.946458634486280418e-13
6.979761721960835359e-13
6.920249332898603414e-13
6.939999544730187875e-13
6.975735948151145718e-13
6.916348683258644897e-13
6.936082795878546008e-13
6.971607792202392084e-13
6.932064849978835831e-13
6.912349150673748342e-13
1.861654614797442943e-12
2.541127503500044282e-10
2.615825560814093503e-10
6.963994942619696186e-13
6.933821856049978494e-13
6.959846940474946313e-13
6.920249332898603414e-13
6.900645910427355135e-13
6.955891641088099366e-13
6.916348683258644897e-13
6.896810298574651022e-13
6.951834537287937295e-13
6.892877827629555635e-13
6.912349150673748342e-13
7.124649874110859953e-11
6.888845234231539144e-13
2.615825560814093503e-10
6.946458634486280418e-13
6.933821856049978494e-13
7.275158666564834704e-13
6.939999544730187875e-13
6.900645910427355135e-13
6.881644642772806672e-13
6.936082795878546008e-13
6.896810298574651022e-13
6.877403927616264843e-13
6.932064849978835831e-13
6.892877827629555635e-13
6.873573044202014323e-13
2.541127503500044282e-10
6.888845234231539144e-13
6.869642786257178893e-13
6.991038980048475816e-13
6.972942229908283409e-13
7.275158666564834704e-13
6.920249332898603414e-13
7.587838810230819446e-13
6.881644642772806672e-13
6.916348683258644897e-13
6.858052036332745575e-13
6.877403927616264843e-13
6.912349150673748342e-13
6.873573044202014323e-13
6.854257509037716695e-13
2.615825560814093503e-10
6.869642786257178893e-13
6.850387067543632180e-13
6.933821856049978494e-13
6.972942229908283409e-13
6.846417738836465708e-13
6.900645910427355135e-13
7.587838810230819446e-13
2.751557945573341002e-12
6.896810298574651022e-13
6.858052036332745575e-13
6.838762345153293505e-13
6.892877827629555635e-13
6.835008194561991207e-13
6.854257509037716695e-13
6.888845234231539144e-13
6.831171708831370418e-13
6.850387067543632180e-13
7.275158666564834704e-13
6.846417738836465708e-13
6.881644642772806672e-13
2.751557945573341002e-12
4.028315333932563969e-12
6.877403927616264843e-13
6.838762345153293505e-13
6.820002135459610428e-13
6.873573044202014323e-13
6.835008194561991207e-13
6.815851490309457491e-13
6.869642786257178893e-13
6.831171708831370418e-13
6.812036467378223648e-13
6.972942229908283409e-13
6.827236913801708172e-13
6.808123724722233522e-13
7.587838810230819446e-13
2.803915918203786447e-12
4.028315333932563969e-12
6.858052036332745575e-13
6.820002135459610428e-13
6.803117478265349340e-13
6.854257509037716695e-13
6.815851490309457491e-13
6.796849256103815454e-13
6.850387067543632180e-13
6.812036467378223648e-13
6.793103066047750944e-13
6.846417738836465708e-13
6.808123724722233522e-13
6.789259893237690889e-13
2.751557945573341002e-12
2.803915918203786447e-12
8.405493541778152465e-13
6.838762345153293505e-13
6.803117478265349340e-13
7.273434458602023433e-13
6.835008194561991207e-13
6.796849256103815454e-13
6.777943821455811261e-13
6.831171708831370418e-13
6.774244647881209253e-13
6.793103066047750944e-13
6.827236913801708172e-13
6.770464709918274903e-13
6.789259893237690889e-13
4.028315333932563969e-12
8.405493541778152465e-13
6.766588146320591271e-13
6.820002135459610428e-13
7.273434458602023433e-13
7.985247506580847105e-13
6.815851490309457491e-13
6.777943821455811261e-13
6.759094944143548803e-13
6.812036467378223648e-13
6.774244647881209253e-13
6.755456371183077352e-13
6.808123724722233522e-13
6.770464709918274903e-13
6.751722205872941646e-13
2.803915918203786447e-12
6.766588146320591271e-13
6.747892008987620663e-13
6.803117478265349340e-13
7.985247506580847105e-13
6.796849256103815454e-13
6.743724999500980601e-13
6.759094944143548803e-13
6.793103066047750944e-13
6.755456371183077352e-13
6.736751374682058846e-13
6.789259893237690889e-13
6.751722205872941646e-13
6.733045925007632985e-13
8.405493541778152465e-13
6.747892008987620663e-13
6.729245234136926680e-13
7.273434458602023433e-13
8.015862105228809728e-13
4.075014714355820573e-11
6.777943821455811261e-13
6.743724999500980601e-13
6.733331456304990122e-13
6.774244647881209253e-13
6.736751374682058846e-13
6.718151019332885650e-13
6.770464709918274903e-13
6.733045925007632985e-13
6.714477936551634906e-13
6.766588146320591271e-13
6.729245234136926680e-13
6.710709916736345466e-13
7.985247506580847105e-13
4.075014714355820573e-11
1.364028513421862792e-10
6.759094944143548803e-13
6.733331456304990122e-13
6.749661826999167689e-13
6.755456371183077352e-13
6.718151019332885650e-13
6.699640761630188033e-13
6.751722205872941646e-13
6.714477936551634906e-13
6.695984009649500877e-13
6.747892008987620663e-13
6.710709916736345466e-13
6.692233067528760727e-13
8.015862105228809728e-13
1.361840127959181947e-12
1.364028513421862792e-10
6.743724999500980601e-13
6.722510593381288622e-13
6.749661826999167689e-13
6.736751374682058846e-13
6.699640761630188033e-13
6.681238773994062964e-13
6.733045925007632985e-13
6.695984009649500877e-13
6.677605696249017236e-13
6.729245234136926680e-13
6.692233067528760727e-13
6.673878989043691339e-13
4.075014714355820573e-11
1.361840127959181947e-12
1.585760807418452442e-10
6.733331456304990122e-13
6.722510593381288622e-13
6.702434340420120861e-13
6.718151019332885650e-13
6.681238773994062964e-13
6.662931951230460119e-13
6.714477936551634906e-13
6.659314924427859649e-13
6.677605696249017236e-13
6.710709916736345466e-13
6.655604993293963665e-13
6.673878989043691339e-13
1.364028513421862792e-10
1.585760807418452442e-10
6.749661826999167689e-13
6.702434340420120861e-13
6.685752144377161522e-13
6.699640761630188033e-13
6.662931951230460119e-13
6.644733187484537744e-13
6.695984009649500877e-13
6.659314924427859649e-13
6.641141383095032114e-13
6.692233067528760727e-13
6.655604993293963665e-13
6.637457623965909643e-13
1.361840127959181947e-12
3.022946125367711613e-12
4.452135580661957670e-11
6.722510593381288622e-13
6.656187923883876625e-13
6.685752144377161522e-13
6.681238773994062964e-13
6.644733187484537744e-13
6.626624106356525391e-13
6.677605696249017236e-13
6.641141383095032114e-13
6.623043153091237179e-13
6.673878989043691339e-13
6.637457623965909643e-13
6.619371253161946975e-13
1.585760807418452442e-10
4.452135580661957670e-11
1.081163227742090585e-10
6.702434340420120861e-13
6.656187923883876625e-13
6.624422807406353223e-13
6.662931951230460119e-13
6.626624106356525391e-13
6.608628332977294209e-13
6.659314924427859649e-13
6.605080458457048559e-13
6.623043153091237179e-13
6.655604993293963665e-13
6.619371253161946975e-13
6.601440968659484655e-13
3.022946125367711613e-12
4.931292468198141800e-10
1.081163227742090585e-10
6.685752144377161522e-13
6.624422807406353223e-13
6.594792961977952812e-13
6.644733187484537744e-13
6.590737709809661840e-13
6.608628332977294209e-13
6.641141383095032114e-13
6.587231366519642154e-13
6.605080458457048559e-13
6.637457623965909643e-13
6.583633903609373036e-13
6.601440968659484655e-13
4.452135580661957670e-11
6.588499785436885461e-13
4.931292468198141800e-10
6.656187923883876625e-13
7.591319437845389596e-13
6.594792961977952812e-13
6.626624106356525391e-13
6.572963478225453354e-13
6.590737709809661840e-13
6.623043153091237179e-13
6.587231366519642154e-13
6.619371253161946975e-13
6.583633903609373036e-13
6.565871869391056331e-13
1.081163227742090585e-10
6.588499785436885461e-13
6.572796790997879417e-13
6.624422807406353223e-13
7.591319437845389596e-13
6.983006371203352340e-13
6.608628332977294209e-13
6.572963478225453354e-13
6.555237636041955124e-13
6.605080458457048559e-13
6.569447231106467058e-13
6.551737752159521823e-13
6.601440968659484655e-13
6.548169638412531625e-13
6.565871869391056331e-13
4.931292468198141800e-10
6.572796790997879417e-13
7.958377528106683229e-13
6.594792961977952812e-13
6.983006371203352340e-13
6.561796969962335209e-13
6.590737709809661840e-13
6.555237636041955124e-13
6.537619247890766519e-13
6.587231366519642154e-13
6.551737752159521823e-13
6.534171895334584924e-13
6.583633903609373036e-13
6.548169638412531625e-13
6.530642068282079833e-13
6.588499785436885461e-13
7.958377528106683229e-13
6.527050684511572076e-13
7.591319437845389596e-13
7.888906383784244600e-13
6.572963478225453354e-13
6.520178057520908162e-13
6.537619247890766519e-13
6.569447231106467058e-13
6.516673932668037367e-13
6.534171895334584924e-13
6.565871869391056331e-13
6.530642068282079833e-13
6.513164002052318074e-13
6.572796790997879417e-13
6.527050684511572076e-13
6.509585675169933574e-13
6.983006371203352340e-13
7.888906383784244600e-13
6.776033619068870478e-13
6.555237636041955124e-13
6.520178057520908162e-13
6.502759106195442168e-13
6.551737752159521823e-13
6.516673932668037367e-13
6.499269956223967446e-13
6.548169638412531625e-13
6.495778986285787148e-13
6.513164002052318074e-13
7.958377528106683229e-13
6.492203699065950377e-13
6.509585675169933574e-13
6.561796969962335209e-13
6.776033619068870478e-13
7.235001136925404540e-13
6.537619247890766519e-13
6.502759106195442168e-13
6.485423696695622430e-13
6.534171895334584924e-13
6.499269956223967446e-13
6.481977199477118871e-13
6.530642068282079833e-13
6.495778986285787148e-13
6.478517639445637241e-13
6.527050684511572076e-13
6.492203699065950377e-13
6.474969616316495634e-13
7.888906383784244600e-13
7.235001136925404540e-13
1.976268941914768964e-12
6.520178057520908162e-13
1.970696327799445737e-12
6.485423696695622430e-13
6.516673932668037367e-13
1.965147205136032239e-12
6.481977199477118871e-13
6.513164002052318074e-13
1.959621474853477281e-12
6.478517639445637241e-13
6.509585675169933574e-13
1.954119037901628103e-12
6.474969616316495634e-13
6.776033619068870478e-13
1.948639796355414302e-12
1.976268941914768964e-12
6.502759106195442168e-13
1.943183651852013258e-12
1.970696327799445737e-12
1.937750507129276015e-12
6.499269956223967446e-13
1.965147205136032239e-12
1.932340265109779444e-12
1.959621474853477281e-12
6.495778986285787148e-13
1.926952828954176166e-12
6.492203699065950377e-13
1.954119037901628103e-12
1.921588102413813000e-12
1.948639796355414302e-12
7.235001136925404540e-13
1.916245989724301738e-12
1.943183651852013258e-12
6.485423696695622430e-13
1.910926395436973826e-12
1.937750507129276015e-12
6.481977199477118871e-13
1.905629224137753257e-12
1.932340265109779444e-12
6.478517639445637241e-13
1.900354381445674239e-12
1.926952828954176166e-12
6.474969616316495634e-13
1.895101772981721399e-12
1.921588102413813000e-12
1.976268941914768964e-12
1.916245989724301738e-12
1.889871304882644649e-12
1.970696327799445737e-12
1.884662883821107177e-12
1.910926395436973826e-12
1.965147205136032239e-12
1.879476416435419942e-12
1.905629224137753257e-12
1.959621474853477281e-12
1.900354381445674239e-12
1.874311810322632581e-12
1.954119037901628103e-12
1.895101772981721399e-12
1.869168973054379934e-12
1.948639796355414302e-12
1.889871304882644649e-12
1.864047812769123160e-12
1.943183651852013258e-12
1.884662883821107177e-12
1.858948237960410085e-12
1.937750507129276015e-12
1.853870157375430059e-12
1.932340265109779444e-12
1.848813480433700231e-12
1.874311810322632581e-12
1.926952828954176166e-12
1.843778116672499107e-12
1.869168973054379934e-12
1.921588102413813000e-12
1.838763976069833727e-12
1.864047812769123160e-12
1.916245989724301738e-12
1.858948237960410085e-12
1.833770969236663438e-12
1.910926395436973826e-12
1.853870157375430059e-12
1.828799006784021497e-12
1.905629224137753257e-12
1.848813480433700231e-12
1.823847999844843258e-12
1.900354381445674239e-12
1.843778116672499107e-12
1.818917860010714720e-12
1.895101772981721399e-12
1.838763976069833727e-12
1.814008499270244951e-12
1.889871304882644649e-12
1.809119829812994186e-12
1.833770969236663438e-12
1.884662883821107177e-12
1.804251764336615124e-12
1.828799006784021497e-12
1.879476416435419942e-12
1.799404215800442561e-12
1.823847999844843258e-12
1.874311810322632581e-12
1.818917860010714720e-12
1.794577097566463067e-12
1.869168973054379934e-12
1.814008499270244951e-12
1.789770323433232014e-12
1.864047812769123160e-12
1.809119829812994186e-12
1.784983806484748152e-12
1.858948237960410085e-12
1.804251764336615124e-12
1.780217463384581627e-12
1.853870157375430059e-12
1.799404215800442561e-12
1.775471207821125768e-12
1.848813480433700231e-12
1.770744954995663823e-12
1.794577097566463067e-12
1.843778116672499107e-12
1.766038620455962700e-12
1.789770323433232014e-12
1.838763976069833727e-12
1.784983806484748152e-12
1.761352120268488705e-12
1.833770969236663438e-12
1.780217463384581627e-12
1.756685370505411568e-12
1.828799006784021497e-12
1.775471207821125768e-12
1.752038287941194324e-12
1.823847999844843258e-12
1.770744954995663823e-12
1.747410789408395917e-12
1.818917860010714720e-12
1.766038620455962700e-12
1.742802792387316677e-12
1.814008499270244951e-12
1.761352120268488705e-12
1.738214214387485733e-12
1.809119829812994186e-12
1.733644973602834104e-12
1.756685370505411568e-12
1.804251764336615124e-12
1.729094988544522831e-12
1.752038287941194324e-12
1.799404215800442561e-12
1.724564177632458942e-12
1.794577097566463067e-12
1.742802792387316677e-12
1.720052459960484771e-12
1.789770323433232014e-12
1.738214214387485733e-12
1.715559754969689679e-12
1.784983806484748152e-12
1.733644973602834104e-12
1.711085982418930237e-12
1.780217463384581627e-12
1.729094988544522831e-12
1.706631062473875932e-12
1.775471207821125768e-12
1.724564177632458942e-12
1.702194915476034940e-12
1.770744954995663823e-12
1.697777462137714694e-12
1.720052459960484771e-12
1.766038620455962700e-12
1.693378623607192451e-12
1.715559754969689679e-12
1.761352120268488705e-12
1.711085982418930237e-12
1.688998321296339212e-12
1.756685370505411568e-12
1.706631062473875932e-12
1.684636476934637687e-12
1.752038287941194324e-12
1.702194915476034940e-12
1.680293012772314910e-12
1.747410789408395917e-12
1.697777462137714694e-12
1.675967851149580060e-12
1.742802792387316677e-12
1.693378623607192451e-12
1.671660914724382865e-12
1.738214214387485733e-12
1.667372126633724127e-12
1.688998321296339212e-12
1.733644973602834104e-12
1.663101410266252534e-12
1.684636476934637687e-12
1.729094988544522831e-12
1.658848689339866771e-12
1.680293012772314910e-12
1.724564177632458942e-12
1.675967851149580060e-12
1.654613887854780084e-12
1.720052459960484771e-12
1.671660914724382865e-12
1.650396930218793715e-12
1.715559754969689679e-12
1.667372126633724127e-12
1.646197741138791041e-12
1.711085982418930237e-12
1.663101410266252534e-12
1.642016245542478938e-12
1.706631062473875932e-12
1.658848689339866771e-12
1.637852368549379709e-12
