3.894007692687630473e-01
-9.995138150934747279e-02
-9.056580006730491350e-02
-1.122453674928987760e-01
1.333244033477315460e-01
5.987216535424740860e-01
-1.869013202745355984e-01
-7.645688763925671816e-02
5.789863151946254838e-02
5.619175945249179627e-01
6.536648339053277579e-02
3.906942901266028390e-01
8.989028951578660956e-03
8.217030894293198690e-03
5.075689586735079306e-01
9.408648509679214123e-03
3.754863619691135024e-01
3.748422945988534871e-01
2.075679167502778033e-01
4.209984875638708018e-02
2.078072828387132753e-01
-1.356641159030232968e-01
1.596586083578658416e-02
2.747849747896628433e-02
2.114491684577500530e-01
3.641510802342742825e-01
8.949687246710668828e-03
2.635757718843194375e-02
1.985121274880418119e-01
8.581997770206418741e-01
1.451848794863260829e-02
2.154361077852327139e-02
2.385425684127660470e-02
1.036222853701851930e-02
-1.740273041488282768e-02
1.443721935874100679e-03
1.701065187969504344e-01
6.693694298948411614e-01
1.584131048393336572e-01
2.115564466122840312e-03
