3.098026028493702224e-04
3.098026028493702224e-04
3.098026028493702224e-04
3.083685251310671021e-04
3.083685251310671021e-04
3.083685251310671021e-04
1.996718214504727539e-04
1.996718214504727539e-04
1.996718214504727539e-04
1.188745273573416474e-04
1.188745273573416474e-04
1.188745273573416474e-04
6.719688351626927202e-05
6.719688351626927202e-05
6.719688351626927202e-05
3.671045021846279754e-05
3.671045021846279754e-05
3.671045021846279754e-05
1.986006242273030765e-05
1.986006242273030765e-05
1.986006242273030765e-05
1.086463244436120585e-05
1.086463244436120585e-05
1.086463244436120585e-05
6.071681897080523726e-06
6.071681897080523726e-06
6.071681897080523726e-06
3.458731976834771692e-06
3.458731976834771692e-06
3.458731976834771692e-06
1.986907064968591267e-06
1.986907064968591267e-06
1.986907064968591267e-06
1.134892314011060976e-06
1.134892314011060976e-06
1.134892314011060976e-06
6.355139728064115366e-07
6.355139728064115366e-07
6.355139728064115366e-07
3.444284141409483852e-07
3.444284141409483852e-07
3.444284141409483852e-07
1.785391267412633760e-07
1.785391267412633760e-07
1.785391267412633760e-07
8.752878575901239698e-08
8.752878575901239698e-08
8.752878575901239698e-08
4.021878736094837256e-08
4.021878736094837256e-08
4.021878736094837256e-08
1.739674417403725372e-08
1.739674417403725372e-08
1.739674417403725372e-08
7.552223429743211685e-09
7.552223429743211685e-09
7.552223429743211685e-09
4.090696320257185852e-09
4.090696320257185852e-09
4.090696320257185852e-09
3.449595646369179642e-09
3.449595646369179642e-09
3.449595646369179642e-09
3.843763859360907231e-09
3.843763859360907231e-09
4.466136227213487428e-09
4.466136227213487428e-09
4.466136227213487428e-09
5.007885467942111581e-09
5.007885467942111581e-09
5.007885467942111581e-09
5.389698561979273950e-09
5.389698561979273950e-09
5.389698561979273950e-09
5.622931455315349072e-09
5.622931455315349072e-09
5.622931455315349072e-09
5.744672185416699150e-09
5.744672185416699150e-09
5.744672185416699150e-09
5.791432118805875926e-09
5.791432118805875926e-09
5.791111785966332929e-09
5.791111785966332929e-09
5.791111785966332929e-09
5.762518144580657044e-09
5.762518144580657044e-09
5.762518144580657044e-09
5.717321881629647096e-09
5.717321881629647096e-09
5.717321881629647096e-09
5.662310243330774564e-09
5.662310243330774564e-09
5.662310243330774564e-09
5.601209726498642253e-09
5.601209726498642253e-09
5.601209726498642253e-09
5.535955328166420230e-09
5.535955328166420230e-09
5.535955328166420230e-09
5.467495454169960764e-09
5.467495454169960764e-09
5.396266772892588050e-09
5.396266772892588050e-09
5.322457013577338973e-09
5.322457013577338973e-09
5.246141790907264262e-09
5.246141790907264262e-09
5.246141790907264262e-09
5.167351669582305370e-09
5.167351669582305370e-09
5.167351669582305370e-09
5.086103150086614718e-09
5.086103150086614718e-09
5.086103150086614718e-09
5.002412242963574667e-09
5.002412242963574667e-09
5.002412242963574667e-09
4.916300227501384391e-09
4.916300227501384391e-09
4.916300227501384391e-09
4.827796154361890284e-09
4.827796154361890284e-09
4.827796154361890284e-09
4.736938090992094735e-09
4.736938090992094735e-09
4.736938090992094735e-09
4.643773915197231858e-09
4.643773915197231858e-09
4.548361947467907499e-09
4.548361947467907499e-09
4.548361947467907499e-09
4.450771509441204167e-09
4.450771509441204167e-09
4.450771509441204167e-09
4.351083430653429681e-09
4.351083430653429681e-09
4.249390502001461202e-09
4.249390502001461202e-09
4.249390502001461202e-09
4.145797859285326160e-09
4.145797859285326160e-09
4.145797859285326160e-09
4.040423291574695839e-09
4.040423291574695839e-09
4.040423291574695839e-09
3.933397450568818707e-09
3.933397450568818707e-09
3.933397450568818707e-09
3.824863959592936795e-09
3.824863959592936795e-09
3.824863959592936795e-09
3.714979395773979892e-09
3.714979395773979892e-09
3.714979395773979892e-09
3.603913137089316597e-09
3.603913137089316597e-09
3.491847058747325773e-09
3.491847058747325773e-09
3.491847058747325773e-09
3.378975065073176210e-09
3.378975065073176210e-09
3.265502446242039791e-09
3.265502446242039791e-09
3.265502446242039791e-09
3.151645048029720346e-09
3.151645048029720346e-09
3.151645048029720346e-09
3.037628247583227071e-09
3.037628247583227071e-09
3.037628247583227071e-09
2.923685731500420086e-09
2.923685731500420086e-09
2.810058072650796224e-09
2.810058072650796224e-09
2.810058072650796224e-09
2.696991112445121481e-09
2.696991112445121481e-09
2.696991112445121481e-09
2.584734153734702377e-09
2.584734153734702377e-09
2.584734153734702377e-09
2.473537979915814746e-09
2.473537979915814746e-09
2.473537979915814746e-09
2.363652719112505843e-09
2.363652719112505843e-09
2.363652719112505843e-09
2.255325576059137920e-09
2.255325576059137920e-09
2.255325576059137920e-09
2.148798469415280368e-09
2.148798469415280368e-09
2.148798469415280368e-09
2.044305605846020179e-09
2.044305605846020179e-09
2.044305605846020179e-09
1.942071037944046491e-09
1.942071037944046491e-09
1.942071037944046491e-09
1.842306251537056120e-09
1.842306251537056120e-09
1.842306251537056120e-09
1.745207835607327780e-09
1.745207835607327780e-09
1.745207835607327780e-09
1.650955289719642188e-09
1.650955289719642188e-09
1.650955289719642188e-09
1.559709020669714543e-09
1.559709020669714543e-09
1.559709020669714543e-09
1.471608586005321663e-09
1.471608586005321663e-09
1.471608586005321663e-09
1.386771233168415308e-09
1.386771233168415308e-09
1.386771233168415308e-09
1.305290779951923341e-09
1.305290779951923341e-09
1.305290779951923341e-09
1.227236873052821005e-09
1.227236873052821005e-09
1.227236873052821005e-09
1.152654655463776699e-09
1.152654655463776699e-09
1.152654655463776699e-09
1.081564855344764281e-09
1.081564855344764281e-09
1.081564855344764281e-09
1.013964302954831637e-09
1.013964302954831637e-09
1.013964302954831637e-09
9.498268645538657307e-10
9.498268645538657307e-10
9.498268645538657307e-10
8.891047696867664625e-10
8.891047696867664625e-10
8.891047696867664625e-10
8.317302948150871367e-10
8.317302948150871367e-10
8.317302948150871367e-10
7.776177537457809616e-10
7.776177537457809616e-10
7.776177537457809616e-10
7.266657362132918333e-10
7.266657362132918333e-10
7.266657362132918333e-10
6.787595282088110208e-10
6.787595282088110208e-10
6.787595282088110208e-10
6.337736413749411202e-10
6.337736413749411202e-10
5.915743814343251082e-10
5.915743814343251082e-10
6.337736413749411202e-10
5.520223839007729165e-10
5.520223839007729165e-10
5.915743814343251082e-10
5.149750522414843955e-10
5.149750522414843955e-10
5.520223839007729165e-10
4.802888409838288771e-10
4.802888409838288771e-10
5.149750522414843955e-10
4.478213357142042452e-10
4.802888409838288771e-10
4.174330930932429217e-10
4.174330930932429217e-10
4.478213357142042452e-10
3.889892143152589954e-10
3.889892143152589954e-10
4.174330930932429217e-10
3.623606387858594218e-10
3.623606387858594218e-10
3.889892143152589954e-10
3.374251511332345925e-10
3.374251511332345925e-10
3.623606387858594218e-10
3.140681077538180741e-10
3.140681077538180741e-10
3.374251511332345925e-10
2.921828941097645371e-10
2.921828941097645371e-10
3.140681077538180741e-10
2.716711305765938168e-10
2.921828941097645371e-10
2.524426499882768612e-10
2.524426499882768612e-10
2.716711305765938168e-10
2.344152733037348353e-10
2.344152733037348353e-10
2.524426499882768612e-10
2.175144125487865613e-10
2.175144125487865613e-10
2.344152733037348353e-10
2.016725325026924452e-10
2.016725325026924452e-10
2.175144125487865613e-10
1.868285047058889788e-10
1.868285047058889788e-10
2.016725325026924452e-10
1.729268872501699813e-10
1.729268872501699813e-10
1.868285047058889788e-10
1.599171653333097787e-10
1.599171653333097787e-10
1.729268872501699813e-10
1.477529857022211690e-10
1.477529857022211690e-10
1.599171653333097787e-10
1.363914162447134195e-10
1.363914162447134195e-10
1.477529857022211690e-10
1.257922596836785068e-10
1.257922596836785068e-10
1.363914162447134195e-10
1.159174435431628527e-10
1.159174435431628527e-10
1.257922596836785068e-10
1.067305048888561388e-10
1.067305048888561388e-10
1.159174435431628527e-10
9.819618011605749762e-11
1.067305048888561388e-10
9.028010358066000580e-11
9.819618011605749762e-11
8.294861270708238406e-11
9.028010358066000580e-11
7.616864930466965365e-11
8.294861270708238406e-11
6.990774493282102214e-11
6.990774493282102214e-11
7.616864930466965365e-11
6.413407220441339069e-11
6.413407220441339069e-11
6.990774493282102214e-11
5.881654373181229546e-11
5.881654373181229546e-11
6.413407220441339069e-11
5.392494035533643621e-11
5.881654373181229546e-11
4.943005078776749907e-11
5.392494035533643621e-11
4.530380847726139883e-11
4.530380847726139883e-11
4.943005078776749907e-11
4.151941323227417676e-11
4.151941323227417676e-11
4.530380847726139883e-11
3.805142945857269635e-11
3.805142945857269635e-11
4.151941323227417676e-11
3.435107810656492054e-11
3.435107810656492054e-11
3.805142945857269635e-11
3.199919075396170957e-11
3.435107810656492054e-11
2.939088985818392758e-11
3.199919075396170957e-11
2.698122594984190694e-11
2.939088985818392758e-11
2.477744688845070419e-11
2.477744688845070419e-11
2.698122594984190694e-11
2.269286314066601773e-11
2.477744688845070419e-11
2.104110130642094914e-11
2.269286314066601773e-11
1.929510888299711625e-11
2.104110130642094914e-11
1.778388626223723397e-11
1.929510888299711625e-11
1.640696822348389921e-11
1.778388626223723397e-11
1.515365483883431758e-11
1.515365483883431758e-11
1.640696822348389921e-11
1.392712447152727838e-11
1.392712447152727838e-11
1.515365483883431758e-11
1.301144581605832689e-11
1.301144581605832689e-11
1.392712447152727838e-11
1.208576960730032721e-11
1.301144581605832689e-11
1.124609571419708165e-11
1.124609571419708165e-11
1.208576960730032721e-11
1.048420354690399598e-11
1.048420354690399598e-11
1.124609571419708165e-11
9.799830185295354008e-12
9.799830185295354008e-12
1.048420354690399598e-11
9.200071090130336420e-12
9.200071090130336420e-12
9.799830185295354008e-12
8.648714980832336857e-12
8.648714980832336857e-12
9.200071090130336420e-12
8.149688703432305414e-12
8.149688703432305414e-12
8.648714980832336857e-12
7.741760121856895824e-12
7.741760121856895824e-12
8.149688703432305414e-12
7.298990894176143512e-12
7.298990894176143512e-12
6.946024550763625963e-12
7.741760121856895824e-12
6.946024550763625963e-12
6.622946527572599741e-12
7.298990894176143512e-12
6.622946527572599741e-12
6.330623477371234724e-12
6.946024550763625963e-12
6.330623477371234724e-12
6.517188944381344812e-12
6.622946527572599741e-12
6.517188944381344812e-12
5.844193682448171789e-12
5.844193682448171789e-12
6.330623477371234724e-12
5.629483514006007077e-12
5.629483514006007077e-12
6.517188944381344812e-12
5.439898278877522705e-12
5.439898278877522705e-12
5.844193682448171789e-12
5.262813459937015454e-12
5.262813459937015454e-12
5.629483514006007077e-12
5.053337706620899670e-12
5.053337706620899670e-12
5.439898278877522705e-12
4.978850859953965971e-12
4.978850859953965971e-12
5.262813459937015454e-12
4.854476511530783567e-12
4.854476511530783567e-12
5.053337706620899670e-12
4.740663011055164916e-12
4.740663011055164916e-12
4.978850859953965971e-12
5.117812024831411400e-12
5.117812024831411400e-12
4.854476511530783567e-12
4.545837682027236371e-12
4.545837682027236371e-12
4.740663011055164916e-12
4.462449485944375323e-12
4.462449485944375323e-12
5.117812024831411400e-12
4.385479091775881862e-12
4.385479091775881862e-12
4.545837682027236371e-12
4.507731439637854191e-12
4.507731439637854191e-12
4.462449485944375323e-12
4.246155977698623285e-12
4.246155977698623285e-12
4.385479091775881862e-12
4.193762643302631610e-12
4.193762643302631610e-12
4.507731439637854191e-12
4.140238419094700290e-12
4.140238419094700290e-12
4.246155977698623285e-12
5.633714956306659112e-12
5.633714956306659112e-12
4.193762643302631610e-12
4.053652529264432756e-12
4.053652529264432756e-12
4.140238419094700290e-12
4.005108070208843256e-12
5.633714956306659112e-12
3.967035001088671033e-12
4.053652529264432756e-12
4.789410012546047761e-12
4.005108070208843256e-12
3.902886059097511995e-12
3.967035001088671033e-12
3.869706324655666255e-12
3.869706324655666255e-12
3.841844742203892229e-12
4.789410012546047761e-12
3.938924491000677332e-12
3.938924491000677332e-12
3.902886059097511995e-12
3.795883215769088477e-12
3.869706324655666255e-12
3.769752349946925853e-12
3.769752349946925853e-12
3.841844742203892229e-12
3.748812998987601786e-12
3.748812998987601786e-12
3.938924491000677332e-12
3.720005001147501418e-12
3.720005001147501418e-12
3.795883215769088477e-12
3.714145280764630151e-12
3.714145280764630151e-12
3.769752349946925853e-12
3.693818365963805053e-12
3.748812998987601786e-12
3.677549141131380770e-12
3.720005001147501418e-12
3.662095712344691453e-12
3.662095712344691453e-12
3.714145280764630151e-12
3.623589831531774164e-12
3.623589831531774164e-12
3.693818365963805053e-12
3.634204683146235299e-12
3.634204683146235299e-12
3.677549141131380770e-12
3.621244371400395254e-12
3.621244371400395254e-12
3.662095712344691453e-12
3.608809011822867531e-12
3.623589831531774164e-12
3.579904885601662214e-12
3.579904885601662214e-12
3.634204683146235299e-12
3.583751284935153126e-12
3.621244371400395254e-12
3.575335215341581139e-12
3.608809011822867531e-12
3.565040259479545625e-12
3.565040259479545625e-12
3.579904885601662214e-12
3.555062838244028385e-12
3.583751284935153126e-12
3.446522733634915087e-12
3.446522733634915087e-12
3.575335215341581139e-12
3.536042029276517207e-12
3.565040259479545625e-12
3.527943684786829939e-12
3.555062838244028385e-12
3.519401703294144503e-12
3.519401703294144503e-12
3.446522733634915087e-12
3.511025564546246217e-12
3.536042029276517207e-12
3.523206898990946804e-12
3.523206898990946804e-12
3.527943684786829939e-12
3.495603238704565227e-12
3.495603238704565227e-12
3.519401703294144503e-12
3.488185601486592384e-12
3.480802218302696570e-12
3.480802218302696570e-12
3.511025564546246217e-12
3.473388641628548129e-12
3.523206898990946804e-12
3.470450042147825718e-12
3.470450042147825718e-12
3.495603238704565227e-12
3.460358032289736428e-12
3.488185601486592384e-12
3.453769794708635098e-12
3.480802218302696570e-12
3.447232177700422479e-12
3.473388641628548129e-12
3.440701941806808733e-12
3.470450042147825718e-12
3.441112465126335880e-12
3.460358032289736428e-12
3.428913166388100658e-12
3.453769794708635098e-12
3.422970020361328158e-12
3.447232177700422479e-12
3.417014726551447213e-12
3.417014726551447213e-12
3.440701941806808733e-12
3.411043430584604420e-12
3.411043430584604420e-12
3.441112465126335880e-12
3.406258728911257024e-12
3.406258728911257024e-12
3.428913166388100658e-12
3.400379242825674804e-12
3.422970020361328158e-12
3.394896740480439727e-12
3.417014726551447213e-12
3.389420800323803615e-12
3.411043430584604420e-12
3.383904545519250218e-12
3.406258728911257024e-12
3.467560246780770941e-12
3.400379242825674804e-12
3.373869877661779131e-12
3.394896740480439727e-12
3.368614673352756642e-12
3.389420800323803615e-12
3.363464523011757979e-12
3.363464523011757979e-12
3.383904545519250218e-12
3.358263650561503727e-12
3.467560246780770941e-12
3.141618212472927076e-12
3.373869877661779131e-12
3.349423816823779549e-12
3.349423816823779549e-12
3.368614673352756642e-12
3.343677435181138377e-12
3.363464523011757979e-12
3.338753863722068371e-12
3.358263650561503727e-12
3.333775416443447997e-12
3.141618212472927076e-12
3.104601540391721637e-12
3.349423816823779549e-12
3.325007353514808230e-12
3.325007353514808230e-12
3.319758777051484743e-12
3.319758777051484743e-12
3.343677435181138377e-12
3.315016205202835970e-12
3.315016205202835970e-12
3.338753863722068371e-12
3.310200982830010423e-12
3.310200982830010423e-12
3.333775416443447997e-12
3.179405173535826219e-12
3.179405173535826219e-12
3.104601540391721637e-12
3.301602097953369764e-12
3.301602097953369764e-12
3.325007353514808230e-12
3.296649885983278346e-12
3.296649885983278346e-12
3.319758777051484743e-12
3.292027519527889898e-12
3.292027519527889898e-12
3.315016205202835970e-12
3.287329620142316497e-12
3.287329620142316497e-12
3.310200982830010423e-12
3.328333086051186675e-12
3.328333086051186675e-12
3.179405173535826219e-12
3.278925694301255478e-12
3.301602097953369764e-12
3.274188809000023464e-12
3.296649885983278346e-12
3.269663432134938848e-12
3.292027519527889898e-12
3.265057840993664149e-12
3.265057840993664149e-12
3.287329620142316497e-12
3.260960633101641006e-12
3.328333086051186675e-12
3.256684799066056298e-12
3.256684799066056298e-12
3.278925694301255478e-12
3.252294366698292759e-12
3.274188809000023464e-12
3.247862516677306616e-12
3.269663432134938848e-12
3.243346326077701033e-12
3.265057840993664149e-12
3.228209057911393568e-12
3.260960633101641006e-12
3.235104240640611966e-12
3.256684799066056298e-12
3.230835887794194825e-12
3.230835887794194825e-12
3.252294366698292759e-12
3.226475301273792625e-12
3.226475301273792625e-12
3.247862516677306616e-12
3.222014865991270367e-12
3.243346326077701033e-12
3.221287129441453257e-12
3.221287129441453257e-12
3.228209057911393568e-12
3.214010099876740407e-12
3.214010099876740407e-12
3.235104240640611966e-12
3.209742965374765353e-12
3.209742965374765353e-12
3.205433297723642869e-12
3.205433297723642869e-12
3.230835887794194825e-12
3.224083412688504366e-12
3.224083412688504366e-12
3.226475301273792625e-12
3.198282908588919664e-12
3.198282908588919664e-12
3.222014865991270367e-12
3.193188179789833164e-12
3.221287129441453257e-12
3.188995282500536886e-12
3.214010099876740407e-12
3.184729659628077491e-12
3.184729659628077491e-12
3.209742965374765353e-12
3.272151671850117739e-12
3.205433297723642869e-12
3.176332349078440221e-12
3.224083412688504366e-12
3.172720770447598855e-12
3.198282908588919664e-12
3.168584417226094751e-12
3.168584417226094751e-12
3.193188179789833164e-12
3.164364920567640812e-12
3.188995282500536886e-12
3.190525016217956816e-12
3.184729659628077491e-12
3.156579072646980276e-12
3.272151671850117739e-12
3.152562047680719677e-12
3.176332349078440221e-12
3.148472368228286289e-12
3.148472368228286289e-12
3.172720770447598855e-12
3.144297295973127155e-12
3.168584417226094751e-12
3.123880587007472257e-12
3.164364920567640812e-12
3.136641481846804449e-12
3.136641481846804449e-12
3.190525016217956816e-12
3.132663473332697204e-12
3.156579072646980276e-12
3.128607603728861703e-12
3.152562047680719677e-12
3.124443001103050273e-12
3.124443001103050273e-12
3.148472368228286289e-12
3.126277838786167147e-12
3.126277838786167147e-12
3.144297295973127155e-12
3.116994166458711534e-12
3.123880587007472257e-12
3.113009831119840206e-12
3.108979171522616993e-12
3.108979171522616993e-12
3.136641481846804449e-12
3.351816995246717313e-12
3.351816995246717313e-12
3.132663473332697204e-12
3.102559177453851874e-12
3.102559177453851874e-12
3.128607603728861703e-12
3.097528059627458330e-12
3.097528059627458330e-12
3.124443001103050273e-12
3.093607879414379159e-12
3.093607879414379159e-12
3.126277838786167147e-12
3.089601483552678499e-12
3.089601483552678499e-12
3.116994166458711534e-12
3.148285189999860734e-12
3.148285189999860734e-12
3.113009831119840206e-12
3.082362753731969299e-12
3.108979171522616993e-12
3.078431034492733218e-12
3.078431034492733218e-12
3.351816995246717313e-12
3.074571377277557282e-12
3.102559177453851874e-12
3.070628414085282057e-12
3.097528059627458330e-12
3.253206895629508290e-12
3.093607879414379159e-12
3.064235447068245804e-12
3.089601483552678499e-12
3.059584665342596926e-12
3.148285189999860734e-12
3.055792121483768572e-12
3.055792121483768572e-12
3.082362753731969299e-12
3.051920650332407615e-12
3.051920650332407615e-12
3.078431034492733218e-12
3.046770441700434664e-12
3.046770441700434664e-12
3.074571377277557282e-12
3.047362795794814152e-12
3.047362795794814152e-12
3.070628414085282057e-12
3.040919157400314245e-12
3.253206895629508290e-12
3.037181183607612435e-12
3.037181183607612435e-12
3.064235447068245804e-12
3.033359162078738717e-12
3.030075949153342307e-12
3.030075949153342307e-12
3.059584665342596926e-12
3.026699184936612067e-12
3.026699184936612067e-12
3.055792121483768572e-12
3.022479252265647933e-12
3.051920650332407615e-12
3.018790603579319408e-12
3.018790603579319408e-12
3.046770441700434664e-12
3.015014315776734794e-12
3.015014315776734794e-12
3.047362795794814152e-12
3.012968460470315423e-12
3.012968460470315423e-12
3.040919157400314245e-12
3.005630148385825771e-12
3.005630148385825771e-12
3.037181183607612435e-12
3.004249621000905697e-12
3.033359162078738717e-12
3.000593149842204031e-12
3.030075949153342307e-12
2.996849831590256183e-12
3.026699184936612067e-12
2.799470105007529328e-12
2.799470105007529328e-12
3.022479252265647933e-12
2.989114405613849533e-12
2.989114405613849533e-12
3.018790603579319408e-12
2.986235721553425924e-12
3.015014315776734794e-12
2.982587569833246858e-12
2.982587569833246858e-12
3.012968460470315423e-12
2.978867405711902982e-12
2.978867405711902982e-12
3.005630148385825771e-12
2.986614338776955641e-12
3.004249621000905697e-12
2.971655154338994795e-12
2.971655154338994795e-12
3.000593149842204031e-12
2.968475205190799011e-12
2.968475205190799011e-12
2.996849831590256183e-12
2.964881420689988140e-12
2.964881420689988140e-12
2.799470105007529328e-12
2.961212449550642474e-12
2.961212449550642474e-12
2.989114405613849533e-12
3.060175105768341165e-12
2.986235721553425924e-12
2.953885400998888261e-12
2.982587569833246858e-12
2.950899421918799422e-12
2.978867405711902982e-12
2.947338445346792151e-12
2.986614338776955641e-12
2.943704926303693275e-12
2.904790247588682816e-12
2.971655154338994795e-12
2.936687889556685308e-12
2.936687889556685308e-12
2.968475205190799011e-12
2.933502171609412533e-12
2.933502171609412533e-12
2.964881420689988140e-12
2.929971350804142195e-12
2.929971350804142195e-12
2.961212449550642474e-12
2.926362552004974249e-12
3.060175105768341165e-12
2.909395639739042217e-12
2.909395639739042217e-12
2.953885400998888261e-12
2.919747124354448853e-12
2.950899421918799422e-12
2.916309103429703679e-12
2.947338445346792151e-12
2.912799243559165672e-12
2.943704926303693275e-12
2.909199599182839193e-12
2.909199599182839193e-12
2.904790247588682816e-12
2.911576451242810567e-12
2.911576451242810567e-12
2.936687889556685308e-12
2.902729798175069101e-12
2.933502171609412533e-12
2.899332387131918452e-12
2.929971350804142195e-12
2.895851555843237482e-12
2.926362552004974249e-12
2.893273847770657424e-12
2.893273847770657424e-12
2.909395639739042217e-12
2.888732319939190348e-12
2.919747124354448853e-12
2.885930749849617142e-12
2.916309103429703679e-12
2.882563620961148750e-12
2.882563620961148750e-12
2.912799243559165672e-12
2.879114728951712537e-12
2.909199599182839193e-12
2.924714502143451288e-12
2.911576451242810567e-12
2.871266171067389857e-12
2.902729798175069101e-12
2.869321066262845357e-12
2.899332387131918452e-12
2.865968786090860528e-12
2.895851555843237482e-12
2.862544514157689151e-12
2.893273847770657424e-12
2.774445912957849538e-12
2.888732319939190348e-12
2.856018056028495805e-12
2.885930749849617142e-12
2.852883315075182228e-12
2.852883315075182228e-12
2.882563620961148750e-12
2.849546986821090692e-12
2.849546986821090692e-12
2.879114728951712537e-12
2.846140916667768448e-12
2.924714502143451288e-12
2.860206770779008954e-12
2.871266171067389857e-12
2.839759897431643731e-12
2.839759897431643731e-12
2.869321066262845357e-12
2.836616090665547752e-12
2.836616090665547752e-12
2.865968786090860528e-12
2.833295857829265388e-12
2.862544514157689151e-12
2.829841692684205200e-12
2.829841692684205200e-12
2.774445912957849538e-12
2.824701025717570756e-12
2.823768776286793637e-12
2.856018056028495805e-12
2.820522116313398539e-12
2.820522116313398539e-12
2.852883315075182228e-12
2.817212471779326729e-12
2.817212471779326729e-12
2.849546986821090692e-12
2.722190578090253937e-12
2.846140916667768448e-12
2.810480124117333691e-12
2.860206770779008954e-12
2.807828476634708103e-12
2.839759897431643731e-12
2.804598128713697752e-12
2.804598128713697752e-12
2.836616090665547752e-12
2.801294902905821346e-12
2.801294902905821346e-12
2.833295857829265388e-12
2.811283813085597721e-12
2.829841692684205200e-12
2.795226015196016397e-12
2.824701025717570756e-12
2.792064888038037483e-12
2.823768776286793637e-12
2.788836582241452608e-12
2.788836582241452608e-12
2.820522116313398539e-12
2.804285007041015800e-12
2.817212471779326729e-12
2.784214213462688303e-12
2.722190578090253937e-12
2.779637415165832850e-12
2.810480124117333691e-12
2.776493544828612663e-12
2.807828476634708103e-12
2.773278680593994802e-12
2.804598128713697752e-12
2.814991132998025243e-12
2.814991132998025243e-12
2.801294902905821346e-12
2.767607743615692473e-12
2.767607743615692473e-12
2.811283813085597721e-12
2.764218487000241187e-12
2.795226015196016397e-12
2.761080843161125827e-12
2.792064888038037483e-12
2.757873196227540298e-12
2.757873196227540298e-12
2.788836582241452608e-12
2.747836617478417410e-12
2.804285007041015800e-12
2.752006675584464700e-12
2.784214213462688303e-12
2.748950807784461411e-12
2.779637415165832850e-12
2.745819589557489263e-12
2.776493544828612663e-12
2.950192276633773873e-12
2.950192276633773873e-12
2.773278680593994802e-12
2.740562299812024318e-12
2.740562299812024318e-12
2.814991132998025243e-12
2.736909220323816584e-12
2.767607743615692473e-12
2.733840461529522318e-12
2.764218487000241187e-12
2.730711428870355668e-12
2.730711428870355668e-12
2.761080843161125827e-12
2.741430957207850016e-12
2.741430957207850016e-12
2.757873196227540298e-12
2.724867629804759491e-12
2.724867629804759491e-12
2.747836617478417410e-12
2.721952975474327325e-12
2.752006675584464700e-12
2.718897326205378380e-12
2.748950807784461411e-12
2.714694707391860340e-12
2.745819589557489263e-12
2.711301265607346269e-12
2.711301265607346269e-12
2.950192276633773873e-12
2.710159152651576880e-12
2.710159152651576880e-12
2.740562299812024318e-12
2.707156297616639647e-12
2.707156297616639647e-12
2.736909220323816584e-12
2.704104189172070234e-12
2.704104189172070234e-12
2.733840461529522318e-12
2.659983754366521548e-12
2.730711428870355668e-12
2.698230256842411014e-12
2.698230256842411014e-12
2.741430957207850016e-12
2.695514244327090873e-12
2.695514244327090873e-12
2.724867629804759491e-12
2.692542015021469161e-12
2.692542015021469161e-12
2.721952975474327325e-12
2.689501812144783721e-12
2.689501812144783721e-12
2.718897326205378380e-12
2.673620209858618629e-12
2.673620209858618629e-12
2.714694707391860340e-12
2.683908230139905453e-12
2.711301265607346269e-12
2.681088456455667429e-12
2.710159152651576880e-12
2.678146095478092805e-12
2.678146095478092805e-12
2.707156297616639647e-12
2.675136530665254459e-12
2.675136530665254459e-12
2.704104189172070234e-12
2.670443209543392661e-12
2.659983754366521548e-12
2.669677329017720098e-12
2.698230256842411014e-12
2.666823944768553164e-12
2.695514244327090873e-12
2.663913371928273716e-12
2.692542015021469161e-12
2.660936597563863255e-12
2.660936597563863255e-12
2.689501812144783721e-12
2.647319450680567451e-12
2.673620209858618629e-12
2.655553642812238721e-12
2.683908230139905453e-12
2.652690564080482445e-12
2.681088456455667429e-12
2.649802198343149090e-12
2.649802198343149090e-12
2.678146095478092805e-12
2.646838389644324310e-12
2.675136530665254459e-12
2.647351931374901574e-12
2.670443209543392661e-12
2.641532844948750487e-12
2.669677329017720098e-12
2.638706532221908532e-12
2.638706532221908532e-12
2.666823944768553164e-12
2.635837016396965094e-12
2.663913371928273716e-12
2.628369111698468782e-12
2.660936597563863255e-12
2.631488380553367515e-12
2.631488380553367515e-12
2.647319450680567451e-12
2.627665514821297490e-12
2.655553642812238721e-12
2.624859697717448024e-12
2.652690564080482445e-12
2.622003143506429573e-12
2.622003143506429573e-12
2.649802198343149090e-12
2.650026896870847228e-12
2.650026896870847228e-12
2.646838389644324310e-12
2.616767273544152841e-12
2.647351931374901574e-12
2.613933292913858163e-12
2.641532844948750487e-12
2.611145339979798186e-12
2.638706532221908532e-12
2.608295814015598960e-12
2.635837016396965094e-12
2.593967958545946756e-12
2.628369111698468782e-12
2.603148750754568811e-12
2.631488380553367515e-12
2.600358045459335536e-12
2.627665514821297490e-12
2.597580915194311882e-12
2.597580915194311882e-12
2.624859697717448024e-12
2.595448700309243844e-12
2.595448700309243844e-12
2.622003143506429573e-12
2.593342558881111678e-12
2.650026896870847228e-12
2.589616462610885827e-12
2.616767273544152841e-12
2.586914466209638154e-12
2.613933292913858163e-12
2.584142224903649620e-12
2.611145339979798186e-12
2.573371099912199502e-12
2.608295814015598960e-12
2.579505985754403225e-12
2.579505985754403225e-12
2.593967958545946756e-12
2.576387309421421728e-12
2.603148750754568811e-12
2.573710452106256904e-12
2.600358045459335536e-12
2.570976497934612825e-12
2.597580915194311882e-12
2.411889577473475102e-12
2.595448700309243844e-12
2.566787939790090958e-12
2.566787939790090958e-12
2.593342558881111678e-12
2.563267660362583983e-12
2.563267660362583983e-12
2.589616462610885827e-12
2.560614848659433359e-12
2.560614848659433359e-12
2.586914466209638154e-12
2.557908962258495330e-12
2.557908962258495330e-12
2.584142224903649620e-12
2.599752735470930066e-12
2.599752735470930066e-12
2.573371099912199502e-12
2.552986077647393333e-12
2.579505985754403225e-12
2.550272178270613820e-12
2.550272178270613820e-12
2.576387309421421728e-12
2.547642206829084285e-12
2.573710452106256904e-12
2.544958226164191561e-12
2.544958226164191561e-12
2.570976497934612825e-12
2.628187622860728551e-12
2.411889577473475102e-12
2.539562222201058912e-12
2.539562222201058912e-12
2.566787939790090958e-12
2.537414322221216647e-12
2.563267660362583983e-12
2.534808406221459713e-12
2.560614848659433359e-12
2.532146000239990201e-12
2.557908962258495330e-12
2.508551996685596128e-12
2.599752735470930066e-12
2.527118039035569444e-12
2.552986077647393333e-12
2.524699960877674974e-12
2.550272178270613820e-12
2.522118794338178398e-12
2.522118794338178398e-12
2.547642206829084285e-12
2.519480040160781643e-12
2.544958226164191561e-12
2.495631014565579161e-12
2.495631014565579161e-12
2.628187622860728551e-12
2.514944065891866327e-12
2.514944065891866327e-12
2.539562222201058912e-12
2.512191491345332923e-12
2.512191491345332923e-12
2.537414322221216647e-12
2.509670060509682463e-12
2.534808406221459713e-12
2.507090253574770187e-12
2.507090253574770187e-12
2.532146000239990201e-12
2.504489070407188131e-12
2.508551996685596128e-12
2.503126517799244610e-12
2.527118039035569444e-12
2.499807675267970066e-12
2.524699960877674974e-12
2.497312796882399074e-12
2.522118794338178398e-12
2.494783833209905899e-12
2.519480040160781643e-12
2.492194610708938235e-12
2.495631014565579161e-12
2.477559662558813434e-12
2.514944065891866327e-12
2.487601536065937108e-12
2.487601536065937108e-12
2.512191491345332923e-12
2.485046161028831012e-12
2.485046161028831012e-12
2.509670060509682463e-12
2.482553844738753216e-12
2.482553844738753216e-12
2.507090253574770187e-12
2.480002575193835122e-12
2.504489070407188131e-12
2.467304516917034993e-12
2.503126517799244610e-12
2.475313132909490585e-12
2.475313132909490585e-12
2.499807675267970066e-12
2.472902084473142664e-12
2.497312796882399074e-12
2.470440028685738830e-12
2.470440028685738830e-12
2.494783833209905899e-12
2.467921398817771345e-12
2.492194610708938235e-12
2.509998467435518456e-12
2.477559662558813434e-12
2.463220555173775215e-12
2.487601536065937108e-12
2.460863384785203341e-12
2.485046161028831012e-12
2.458423640529131384e-12
2.482553844738753216e-12
2.455926632237767844e-12
2.480002575193835122e-12
2.484340989528397979e-12
2.467304516917034993e-12
2.451407570063167360e-12
2.475313132909490585e-12
2.448944147702703593e-12
2.448944147702703593e-12
2.472902084473142664e-12
2.446519471965336522e-12
2.470440028685738830e-12
2.444038667095916649e-12
2.444038667095916649e-12
2.467921398817771345e-12
2.449142540906104038e-12
2.509998467435518456e-12
2.439623479717780241e-12
2.439623479717780241e-12
2.463220555173775215e-12
2.437173936667859995e-12
2.460863384785203341e-12
2.434777105736307912e-12
2.458423640529131384e-12
2.432323898429797243e-12
2.432323898429797243e-12
2.455926632237767844e-12
2.446134878787188865e-12
2.484340989528397979e-12
2.427936745480609456e-12
2.451407570063167360e-12
2.425504353137224444e-12
2.448944147702703593e-12
2.423125208819102475e-12
2.423125208819102475e-12
2.446519471965336522e-12
2.420690057604834693e-12
2.444038667095916649e-12
2.428788151660212413e-12
2.449142540906104038e-12
2.416317272826240829e-12
2.439623479717780241e-12
2.413966160537610395e-12
2.437173936667859995e-12
2.411610747927947794e-12
2.411610747927947794e-12
2.434777105736307912e-12
2.409198857321589683e-12
2.432323898429797243e-12
2.409983904976779437e-12
2.446134878787188865e-12
2.404897129643698192e-12
2.404897129643698192e-12
2.427936745480609456e-12
2.402597054507738312e-12
2.425504353137224444e-12
2.400286666529913434e-12
2.423125208819102475e-12
2.397920336618166637e-12
2.420690057604834693e-12
2.304584220303351156e-12
2.428788151660212413e-12
2.394069450005588520e-12
2.394069450005588520e-12
2.416317272826240829e-12
2.391347370912014043e-12
2.413966160537610395e-12
2.389090004152366977e-12
2.389090004152366977e-12
2.411610747927947794e-12
2.386778267275895955e-12
2.386778267275895955e-12
2.409198857321589683e-12
2.384409618905306307e-12
2.384409618905306307e-12
2.409983904976779437e-12
2.377767085152710434e-12
2.377767085152710434e-12
2.404897129643698192e-12
2.380183166794524103e-12
2.380183166794524103e-12
2.402597054507738312e-12
2.377966521585069889e-12
2.377966521585069889e-12
2.400286666529913434e-12
2.375698494273341789e-12
2.375698494273341789e-12
2.397920336618166637e-12
2.373375721794089563e-12
2.373375721794089563e-12
2.304584220303351156e-12
2.408180537582337844e-12
2.408180537582337844e-12
2.394069450005588520e-12
2.368993623904928442e-12
2.368993623904928442e-12
2.391347370912014043e-12
2.366929665528345886e-12
2.366929665528345886e-12
2.389090004152366977e-12
2.364694987522485485e-12
2.364694987522485485e-12
2.386778267275895955e-12
2.362406943375821821e-12
2.362406943375821821e-12
2.384409618905306307e-12
2.418512956157805562e-12
2.418512956157805562e-12
2.377767085152710434e-12
2.357739923276541694e-12
2.357739923276541694e-12
2.380183166794524103e-12
2.355990332887111127e-12
2.355990332887111127e-12
2.377966521585069889e-12
2.353780966329027783e-12
2.353780966329027783e-12
2.375698494273341789e-12
2.351519111509773075e-12
2.373375721794089563e-12
2.426527843226852619e-12
2.426527843226852619e-12
2.408180537582337844e-12
2.346854411632140483e-12
2.346854411632140483e-12
2.368993623904928442e-12
2.345150151931039048e-12
2.345150151931039048e-12
2.366929665528345886e-12
2.342953843593306451e-12
2.364694987522485485e-12
2.340708809947253735e-12
2.340708809947253735e-12
2.362406943375821821e-12
2.317792491476380983e-12
2.317792491476380983e-12
2.418512956157805562e-12
2.336625599588451185e-12
2.336625599588451185e-12
2.357739923276541694e-12
2.334422448363038107e-12
2.334422448363038107e-12
2.355990332887111127e-12
2.332249712007987599e-12
2.332249712007987599e-12
2.353780966329027783e-12
2.330025430307938527e-12
2.330025430307938527e-12
2.351519111509773075e-12
2.365878062940249215e-12
2.365878062940249215e-12
2.426527843226852619e-12
2.325741507954873773e-12
2.325741507954873773e-12
2.346854411632140483e-12
2.323810900880420353e-12
2.323810900880420353e-12
2.345150151931039048e-12
2.321659854385402161e-12
2.321659854385402161e-12
2.342953843593306451e-12
2.319458598975573055e-12
2.340708809947253735e-12
2.384203579203612241e-12
2.317792491476380983e-12
2.315632312624307738e-12
2.336625599588451185e-12
2.313324767230443172e-12
2.334422448363038107e-12
2.311206084146274125e-12
2.311206084146274125e-12
2.332249712007987599e-12
2.309038824883214207e-12
2.309038824883214207e-12
2.330025430307938527e-12
2.254312005368972738e-12
2.254312005368972738e-12
2.365878062940249215e-12
2.304381414401312533e-12
2.304381414401312533e-12
2.325741507954873773e-12
2.302933991280108006e-12
2.302933991280108006e-12
2.323810900880420353e-12
2.300837814734115545e-12
2.300837814734115545e-12
2.321659854385402161e-12
2.298699761263040003e-12
2.298699761263040003e-12
2.319458598975573055e-12
2.296832516149240412e-12
2.384203579203612241e-12
2.293358370142209091e-12
2.293358370142209091e-12
2.315632312624307738e-12
2.292648114250868778e-12
2.292648114250868778e-12
2.313324767230443172e-12
2.290572765416571775e-12
2.311206084146274125e-12
2.288464736827049427e-12
2.288464736827049427e-12
2.309038824883214207e-12
2.286310098690921892e-12
2.286310098690921892e-12
2.254312005368972738e-12
2.280215668642253541e-12
2.304381414401312533e-12
2.282448642781002803e-12
2.302933991280108006e-12
2.280385189073281964e-12
2.300837814734115545e-12
2.278297527947453217e-12
2.298699761263040003e-12
2.276173641191941802e-12
2.296832516149240412e-12
2.274005103401848043e-12
2.293358370142209091e-12
2.272330488606284347e-12
2.292648114250868778e-12
2.270282266915590669e-12
2.290572765416571775e-12
2.268207687694600664e-12
2.268207687694600664e-12
2.288464736827049427e-12
2.263995793075572183e-12
2.286310098690921892e-12
2.265861701592677676e-12
2.280215668642253541e-12
2.262287830030206477e-12
2.262287830030206477e-12
2.282448642781002803e-12
2.260263055532241338e-12
2.280385189073281964e-12
2.258195771006349178e-12
2.258195771006349178e-12
2.278297527947453217e-12
2.214340914090652723e-12
2.214340914090652723e-12
2.254575344200558787e-12
2.254575344200558787e-12
2.276173641191941802e-12
2.252366133399397734e-12
2.274005103401848043e-12
2.250364887760265140e-12
2.272330488606284347e-12
2.248313359563962868e-12
2.270282266915590669e-12
2.233992214621267442e-12
2.268207687694600664e-12
2.244426116824547233e-12
2.263995793075572183e-12
2.244426116824547233e-12
2.242548354510501808e-12
2.242548354510501808e-12
2.265861701592677676e-12
2.240558270203799317e-12
2.240558270203799317e-12
2.262287830030206477e-12
2.238521433840755786e-12
2.260263055532241338e-12
2.218328304490088763e-12
2.218328304490088763e-12
2.258195771006349178e-12
2.234721333981589242e-12
2.214340914090652723e-12
2.232805765345949261e-12
2.232805765345949261e-12
2.254575344200558787e-12
2.230825547752469853e-12
2.230825547752469853e-12
2.252366133399397734e-12
2.228796939625075667e-12
2.228796939625075667e-12
2.250364887760265140e-12
2.236930381962766609e-12
2.248313359563962868e-12
2.225031155344826840e-12
2.225031155344826840e-12
2.233992214621267442e-12
2.223147651970371815e-12
2.223147651970371815e-12
2.244426116824547233e-12
2.221171333856364601e-12
2.221171333856364601e-12
2.242548354510501808e-12
2.218877234790861470e-12
2.218877234790861470e-12
2.240558270203799317e-12
2.218388814101262049e-12
2.238521433840755786e-12
2.215518896258764685e-12
2.215518896258764685e-12
2.218328304490088763e-12
2.213579138648154813e-12
2.234721333981589242e-12
2.211607085837621463e-12
2.232805765345949261e-12
2.079808968998845464e-12
2.230825547752469853e-12
2.207522488572384826e-12
2.228796939625075667e-12
2.206066813011254050e-12
2.236930381962766609e-12
2.204169846947972335e-12
2.225031155344826840e-12
2.202227679687974499e-12
2.223147651970371815e-12
2.200132163584413864e-12
2.200132163584413864e-12
2.221171333856364601e-12
2.196345603549673449e-12
2.196345603549673449e-12
2.218877234790861470e-12
2.196714260143008494e-12
2.218388814101262049e-12
2.194829060842967112e-12
2.215518896258764685e-12
2.192912243984055031e-12
2.213579138648154813e-12
2.190947128016290704e-12
2.211607085837621463e-12
2.197143155408108326e-12
2.197143155408108326e-12
2.079808968998845464e-12
2.187445984182926620e-12
2.207522488572384826e-12
2.185616888751600958e-12
2.206066813011254050e-12
2.183744661975096960e-12
2.183744661975096960e-12
2.204169846947972335e-12
2.181824806062728646e-12
2.202227679687974499e-12
2.198351119891874628e-12
2.200132163584413864e-12
2.178168120466050927e-12
2.196345603549673449e-12
2.176449538164054594e-12
2.196714260143008494e-12
2.174600722048407991e-12
2.194829060842967112e-12
2.172710372529218127e-12
2.192912243984055031e-12
2.166774368676522252e-12
2.166774368676522252e-12
2.190947128016290704e-12
2.168268958924397314e-12
2.197143155408108326e-12
2.167354613305945220e-12
2.187445984182926620e-12
2.165519735390203647e-12
2.185616888751600958e-12
2.163649569853974641e-12
2.183744661975096960e-12
2.164188620743799819e-12
2.181824806062728646e-12
2.160076712186184661e-12
2.198351119891874628e-12
2.158323959948078644e-12
2.158323959948078644e-12
2.178168120466050927e-12
2.156505528577398133e-12
2.176449538164054594e-12
2.154647459577127480e-12
2.154647459577127480e-12
2.174600722048407991e-12
2.067309611745000773e-12
2.067309611745000773e-12
2.172710372529218127e-12
2.150561219168512772e-12
2.166774368676522252e-12
2.149380160881020102e-12
2.168268958924397314e-12
2.147583622764058200e-12
2.167354613305945220e-12
2.145739871467486452e-12
2.145739871467486452e-12
2.165519735390203647e-12
2.058615066670058942e-12
2.058615066670058942e-12
2.163649569853974641e-12
2.142579443005319169e-12
2.142579443005319169e-12
2.164188620743799819e-12
2.140521482332561417e-12
2.140521482332561417e-12
2.160076712186184661e-12
2.138734838783502473e-12
2.138734838783502473e-12
2.158323959948078644e-12
2.136902031911933992e-12
2.136902031911933992e-12
2.156505528577398133e-12
2.091653295736144218e-12
2.154647459577127480e-12
2.133559196644750651e-12
2.067309611745000773e-12
2.131740516565827632e-12
2.150561219168512772e-12
2.129957073743050866e-12
2.149380160881020102e-12
2.128131433494986720e-12
2.147583622764058200e-12
2.152256152351737650e-12
2.145739871467486452e-12
2.124691291691223839e-12
2.058615066670058942e-12
2.123067542339456476e-12
2.142579443005319169e-12
2.121309739860125037e-12
2.140521482332561417e-12
2.119508074739172971e-12
2.138734838783502473e-12
2.156444525644248726e-12
2.136902031911933992e-12
2.115971023459683985e-12
2.091653295736144218e-12
2.114454475286535991e-12
2.133559196644750651e-12
2.112710166642652869e-12
2.112710166642652869e-12
2.131740516565827632e-12
2.110923773641770862e-12
2.129957073743050866e-12
2.158969393171673415e-12
2.128131433494986720e-12
2.107813889240713049e-12
2.152256152351737650e-12
2.105932718616518422e-12
2.124691291691223839e-12
2.104212386173457300e-12
2.123067542339456476e-12
2.102449273631246891e-12
2.121309739860125037e-12
2.029043036729090431e-12
2.119508074739172971e-12
2.099733745794246749e-12
2.099733745794246749e-12
2.156444525644248726e-12
2.097480399415689686e-12
2.115971023459683985e-12
2.095772943110589334e-12
2.114454475286535991e-12
2.094027399154844595e-12
2.112710166642652869e-12
2.095415483702304949e-12
2.110923773641770862e-12
2.091072498024313563e-12
2.091072498024313563e-12
2.158969393171673415e-12
2.089087719827186293e-12
2.107813889240713049e-12
2.087391643175628476e-12
2.087391643175628476e-12
2.105932718616518422e-12
2.085656707664698706e-12
2.085656707664698706e-12
2.141577113348395087e-12
2.141577113348395087e-12
2.104212386173457300e-12
2.082817295134346590e-12
2.082817295134346590e-12
2.102449273631246891e-12
2.080790124420428042e-12
2.029043036729090431e-12
2.079115460471401280e-12
2.079115460471401280e-12
2.099733745794246749e-12
2.097480399415689686e-12
2.077401615157483452e-12
1.965170349376687901e-12
1.965170349376687901e-12
2.095772943110589334e-12
2.074834947989708355e-12
2.074834947989708355e-12
2.094027399154844595e-12
2.072550988541915017e-12
2.072550988541915017e-12
2.095415483702304949e-12
2.070888725475971705e-12
2.091072498024313563e-12
2.069187787354738447e-12
2.089087719827186293e-12
2.068454262073435088e-12
2.087391643175628476e-12
2.066354603476465838e-12
2.085656707664698706e-12
2.064372410715022793e-12
2.064372410715022793e-12
2.141577113348395087e-12
2.062721747545585203e-12
2.082817295134346590e-12
2.061028453245118468e-12
2.080790124420428042e-12
2.092364937187806573e-12
2.079115460471401280e-12
2.058057266681381691e-12
2.077401615157483452e-12
2.056266898373909035e-12
2.056266898373909035e-12
1.965170349376687901e-12
2.054618463584062506e-12
2.074834947989708355e-12
2.052929515699583419e-12
2.072550988541915017e-12
2.042469513129196469e-12
2.070888725475971705e-12
2.049882593179277920e-12
2.069187787354738447e-12
2.048226115706573546e-12
2.048226115706573546e-12
2.068454262073435088e-12
2.046583239237166327e-12
2.066354603476465838e-12
2.044903332476267394e-12
2.064372410715022793e-12
2.041601174497509968e-12
2.062721747545585203e-12
2.041860030450972370e-12
2.061028453245118468e-12
2.040286479542789458e-12
2.092364937187806573e-12
2.038660380960795501e-12
2.038660380960795501e-12
2.058057266681381691e-12
2.036993474525272821e-12
2.056266898373909035e-12
2.038624820959337828e-12
2.054618463584062506e-12
2.033955483894147417e-12
2.052929515699583419e-12
2.032401395092465970e-12
2.032401395092465970e-12
2.042469513129196469e-12
2.030787502324373729e-12
2.030787502324373729e-12
2.049882593179277920e-12
2.029126359885673640e-12
2.029126359885673640e-12
2.048226115706573546e-12
2.030825663473264890e-12
2.030825663473264890e-12
2.046583239237166327e-12
2.026133850958859215e-12
2.026133850958859215e-12
2.044903332476267394e-12
2.024575096630087431e-12
2.041601174497509968e-12
2.022970145746577411e-12
2.041860030450972370e-12
2.021739451497483990e-12
2.040286479542789458e-12
2.021594160315195931e-12
2.038660380960795501e-12
2.018380997375478196e-12
2.018380997375478196e-12
2.036993474525272821e-12
2.016809099343717458e-12
2.016809099343717458e-12
2.038624820959337828e-12
2.015209463450166724e-12
2.033955483894147417e-12
1.982836447419236102e-12
2.032401395092465970e-12
2.011799482370411973e-12
2.011799482370411973e-12
2.030787502324373729e-12
2.010696927857486689e-12
2.010696927857486689e-12
2.029126359885673640e-12
2.009156186877215913e-12
2.009156186877215913e-12
2.030825663473264890e-12
2.007579865410834576e-12
2.026133850958859215e-12
2.005944400566765282e-12
2.005944400566765282e-12
2.024575096630087431e-12
2.004517160122646168e-12
2.022970145746577411e-12
2.003057366176216664e-12
2.021739451497483990e-12
2.001549434785111811e-12
2.021594160315195931e-12
1.999991031395213246e-12
2.018380997375478196e-12
1.998393128352138241e-12
2.016809099343717458e-12
2.000733567763453771e-12
2.015209463450166724e-12
1.995494599993028986e-12
1.982836447419236102e-12
1.993996301118025546e-12
2.011799482370411973e-12
1.992451856864404675e-12
1.992451856864404675e-12
2.010696927857486689e-12
1.990867681875706448e-12
2.009156186877215913e-12
1.985353986614831620e-12
1.985353986614831620e-12
2.007579865410834576e-12
1.987983225116693879e-12
2.005944400566765282e-12
1.986515363343260602e-12
2.004517160122646168e-12
1.984988324963451631e-12
2.003057366176216664e-12
1.983421252597599517e-12
1.983421252597599517e-12
2.001549434785111811e-12
1.986777581107883827e-12
1.986777581107883827e-12
1.999991031395213246e-12
1.980526639523807149e-12
1.980526639523807149e-12
1.998393128352138241e-12
1.979102812313227955e-12
2.000733567763453771e-12
1.977595779777472463e-12
1.977595779777472463e-12
1.995494599993028986e-12
1.976049340755529514e-12
1.993996301118025546e-12
1.984926337739077826e-12
1.992451856864404675e-12
1.973130270997202588e-12
1.990867681875706448e-12
1.971745546391571809e-12
1.985353986614831620e-12
1.970255298277468107e-12
1.987983225116693879e-12
1.968727056496444034e-12
1.986515363343260602e-12
2.006898760432342459e-12
1.984988324963451631e-12
1.965709401918967911e-12
1.983421252597599517e-12
1.964435179468258921e-12
1.964435179468258921e-12
1.986777581107883827e-12
1.962955085467550128e-12
1.980526639523807149e-12
1.961437630834542698e-12
1.961437630834542698e-12
1.979102812313227955e-12
1.943462533977188961e-12
1.977595779777472463e-12
1.958491492329036915e-12
1.958491492329036915e-12
1.976049340755529514e-12
1.957180766339361623e-12
1.984926337739077826e-12
1.955709433646730207e-12
1.973130270997202588e-12
1.954199724310305990e-12
1.971745546391571809e-12
1.940676129513216118e-12
1.970255298277468107e-12
1.951361647818648409e-12
1.968727056496444034e-12
1.949983531866716013e-12
2.006898760432342459e-12
1.948516729889343017e-12
1.965709401918967911e-12
1.947011097015657184e-12
1.964435179468258921e-12
1.950107256858609333e-12
1.962955085467550128e-12
1.944265305003772911e-12
1.944265305003772911e-12
1.961437630834542698e-12
1.942836241016228541e-12
1.943462533977188961e-12
1.941371389814106254e-12
1.958491492329036915e-12
1.934533965980324161e-12
1.957180766339361623e-12
1.938418286831184040e-12
1.955709433646730207e-12
1.937174144577318829e-12
1.937174144577318829e-12
1.954199724310305990e-12
1.935739611069012849e-12
1.940676129513216118e-12
1.934273453356184330e-12
1.951361647818648409e-12
1.945412580332857804e-12
1.949983531866716013e-12
1.931709446487199149e-12
1.948516729889343017e-12
1.930141323596715607e-12
1.928719132300080734e-12
1.928719132300080734e-12
1.947011097015657184e-12
1.927259152874585029e-12
1.927259152874585029e-12
1.950107256858609333e-12
1.929791458203999154e-12
1.929791458203999154e-12
1.944265305003772911e-12
1.924639291692204819e-12
1.942836241016228541e-12
1.923161198562507863e-12
1.941371389814106254e-12
1.921740093511661419e-12
1.934533965980324161e-12
1.920282375696646151e-12
1.938418286831184040e-12
1.919827406232980018e-12
1.937174144577318829e-12
1.917637406321660794e-12
1.935739611069012849e-12
1.916242745537386741e-12
1.916242745537386741e-12
1.934273453356184330e-12
1.914827699317376183e-12
1.945412580332857804e-12
1.913341079455990676e-12
1.931709446487199149e-12
1.909992191423511590e-12
1.930141323596715607e-12
1.910744656326515072e-12
1.928719132300080734e-12
1.909370545593500114e-12
1.927259152874585029e-12
1.907958267808705107e-12
1.907958267808705107e-12
1.929791458203999154e-12
2.003797532228155607e-12
1.924639291692204819e-12
1.905488332810584710e-12
1.923161198562507863e-12
1.903922172047366962e-12
1.903922172047366962e-12
1.921740093511661419e-12
1.902544513031442005e-12
1.920282375696646151e-12
1.901131760165981671e-12
1.919827406232980018e-12
1.920843278765405307e-12
1.920843278765405307e-12
1.917637406321660794e-12
1.898470402288914087e-12
1.916242745537386741e-12
1.897143048690135545e-12
1.914827699317376183e-12
1.895764191341834686e-12
1.895764191341834686e-12
1.913341079455990676e-12
1.894344756887204028e-12
1.894344756887204028e-12
1.909992191423511590e-12
1.890450001661956390e-12
1.890450001661956390e-12
1.910744656326515072e-12
1.891749660529132431e-12
1.891749660529132431e-12
1.909370545593500114e-12
1.890410197854924715e-12
1.907958267808705107e-12
1.889026676496295591e-12
2.003797532228155607e-12
1.857373488555662786e-12
1.905488332810584710e-12
1.886236651420661632e-12
1.903922172047366962e-12
1.885078775238500627e-12
1.885078775238500627e-12
1.902544513031442005e-12
1.883725926751827337e-12
1.883725926751827337e-12
1.901131760165981671e-12
1.882338183455926101e-12
1.920843278765405307e-12
1.886936947598125482e-12
1.898470402288914087e-12
1.879726363642534365e-12
1.879726363642534365e-12
1.897143048690135545e-12
1.878441091884168361e-12
1.895764191341834686e-12
1.877083598637174273e-12
1.894344756887204028e-12
1.865800129974530573e-12
1.890450001661956390e-12
1.873976357192243309e-12
1.891749660529132431e-12
1.873177047845119596e-12
1.890410197854924715e-12
1.871848772697564218e-12
1.871848772697564218e-12
1.889026676496295591e-12
1.870485048441280331e-12
1.870485048441280331e-12
1.857373488555662786e-12
1.872962185836285514e-12
1.886236651420661632e-12
1.867948384813534879e-12
1.885078775238500627e-12
1.866632747371653461e-12
1.883725926751827337e-12
1.865297149328621470e-12
1.882338183455926101e-12
1.864866739622895675e-12
1.864866739622895675e-12
1.886936947598125482e-12
1.863959633766166349e-12
1.863959633766166349e-12
1.879726363642534365e-12
1.861436334372441109e-12
1.861436334372441109e-12
1.878441091884168361e-12
1.860133864856311499e-12
1.860133864856311499e-12
1.877083598637174273e-12
1.858791972348310915e-12
1.858791972348310915e-12
1.865800129974530573e-12
1.842746976352424014e-12
1.873976357192243309e-12
1.856392910404171103e-12
1.856392910404171103e-12
1.873177047845119596e-12
1.854988635605818977e-12
1.871848772697564218e-12
1.853674219219575579e-12
1.870485048441280331e-12
1.852250169849531652e-12
1.872962185836285514e-12
1.849808843531662799e-12
1.867948384813534879e-12
1.849863671626839510e-12
1.849863671626839510e-12
1.866632747371653461e-12
1.848582929574508572e-12
1.865297149328621470e-12
1.847263511189560475e-12
1.864866739622895675e-12
1.879665070102288424e-12
1.879665070102288424e-12
1.863959633766166349e-12
1.844880053934185437e-12
1.861436334372441109e-12
1.843510807291882397e-12
1.843510807291882397e-12
1.860133864856311499e-12
1.842221413691711806e-12
1.858791972348310915e-12
1.840897155813888950e-12
1.842746976352424014e-12
1.838936199218772810e-12
1.838936199218772810e-12
1.856392910404171103e-12
1.838432044455499882e-12
1.854988635605818977e-12
1.837195563769809230e-12
1.853674219219575579e-12
1.835901660869854844e-12
1.835901660869854844e-12
1.852250169849531652e-12
1.899010023356800884e-12
1.899010023356800884e-12
1.849808843531662799e-12
1.832817854836706220e-12
1.832817854836706220e-12
1.849863671626839510e-12
1.832184834103041390e-12
1.848582929574508572e-12
1.830918460122371473e-12
1.830918460122371473e-12
1.847263511189560475e-12
1.829618660358331316e-12
1.879665070102288424e-12
1.830177937382640725e-12
1.844880053934185437e-12
1.827202734893810863e-12
1.843510807291882397e-12
1.825954297361296237e-12
1.825954297361296237e-12
1.842221413691711806e-12
1.824683048067597441e-12
1.824683048067597441e-12
1.840897155813888950e-12
1.823541397817133092e-12
1.823541397817133092e-12
1.838936199218772810e-12
1.822323773849739939e-12
1.838432044455499882e-12
1.821025982241545065e-12
1.837195563769809230e-12
1.819783902664031266e-12
1.835901660869854844e-12
1.818514899742625554e-12
1.818514899742625554e-12
1.899010023356800884e-12
1.918075681771267950e-12
1.918075681771267950e-12
1.832817854836706220e-12
1.816677568073468344e-12
1.832184834103041390e-12
1.814891618097735048e-12
1.830918460122371473e-12
1.813657666094862755e-12
1.829618660358331316e-12
1.812391796117279377e-12
1.812391796117279377e-12
1.830177937382640725e-12
1.812126296498405687e-12
1.812126296498405687e-12
1.827202734893810863e-12
1.810249568784280173e-12
1.825954297361296237e-12
1.808802572791782587e-12
1.824683048067597441e-12
1.807571126105276255e-12
1.823541397817133092e-12
1.806307234692703719e-12
1.822323773849739939e-12
1.819276318574145354e-12
1.821025982241545065e-12
1.803994733611179157e-12
1.803994733611179157e-12
1.819783902664031266e-12
1.802755052415108344e-12
1.802755052415108344e-12
1.818514899742625554e-12
1.801525874166849733e-12
1.801525874166849733e-12
1.918075681771267950e-12
1.800264114492308122e-12
1.816677568073468344e-12
1.795548012794955543e-12
1.814891618097735048e-12
1.797944514632467672e-12
1.813657666094862755e-12
1.796747624199662807e-12
1.812391796117279377e-12
1.795517565003822615e-12
1.812126296498405687e-12
1.795298670981411057e-12
1.810249568784280173e-12
1.792870066700933322e-12
1.792870066700933322e-12
1.808802572791782587e-12
1.792001113583503280e-12
1.807571126105276255e-12
1.790803383482631495e-12
1.806307234692703719e-12
1.789581459271537869e-12
1.819276318574145354e-12
1.791215812095299584e-12
1.803994733611179157e-12
1.788143122875350931e-12
1.788143122875350931e-12
1.802755052415108344e-12
1.786083482802172703e-12
1.786083482802172703e-12
1.801525874166849733e-12
1.784891703650163920e-12
1.800264114492308122e-12
1.783674814969742562e-12
1.783674814969742562e-12
1.795548012794955543e-12
1.798978558518819953e-12
1.797944514632467672e-12
1.782130029959745887e-12
1.796747624199662807e-12
1.780218277847479064e-12
1.780218277847479064e-12
1.795517565003822615e-12
1.779052324576496155e-12
1.779052324576496155e-12
1.795298670981411057e-12
1.777852645801931828e-12
1.777852645801931828e-12
1.792870066700933322e-12
1.776624802402624951e-12
1.776624802402624951e-12
1.792001113583503280e-12
1.776566168098335544e-12
1.790803383482631495e-12
1.774388050659696895e-12
1.789581459271537869e-12
1.773239246269834880e-12
1.791215812095299584e-12
1.772052449201939848e-12
1.788143122875350931e-12
1.770832791872079922e-12
1.786083482802172703e-12
1.773565291434347653e-12
1.784891703650163920e-12
1.768590656472886012e-12
1.783674814969742562e-12
1.767455144491164378e-12
1.798978558518819953e-12
1.766275130199992399e-12
1.782130029959745887e-12
1.765065838330124910e-12
1.780218277847479064e-12
1.764522284615244313e-12
1.779052324576496155e-12
1.762851503612532362e-12
1.762851503612532362e-12
1.777852645801931828e-12
1.761709864461662755e-12
1.776624802402624951e-12
1.760534788373241111e-12
1.760534788373241111e-12
1.776566168098335544e-12
1.759262679336542473e-12
1.759262679336542473e-12
1.774388050659696895e-12
1.759514547609743928e-12
1.773239246269834880e-12
1.757140468848822831e-12
1.772052449201939848e-12
1.756010297815524326e-12
1.756010297815524326e-12
1.770832791872079922e-12
1.754841876923836812e-12
1.754841876923836812e-12
1.773565291434347653e-12
1.754288656163390617e-12
1.768590656472886012e-12
1.751723981556672575e-12
1.751474389511327945e-12
1.767455144491164378e-12
1.766275130199992399e-12
1.750345510357245919e-12
1.765065838330124910e-12
1.749181065469227041e-12
1.749181065469227041e-12
1.764522284615244313e-12
1.678289351471595850e-12
1.678289351471595850e-12
1.762851503612532362e-12
1.746438755906201106e-12
1.761709864461662755e-12
1.745848583611654838e-12
1.745848583611654838e-12
1.760534788373241111e-12
1.744711868722793930e-12
1.744711868722793930e-12
1.759262679336542473e-12
1.743547903066493005e-12
1.743547903066493005e-12
1.765694397125729163e-12
1.759514547609743928e-12
1.757140468848822831e-12
1.741401085561981714e-12
1.741401085561981714e-12
1.756010297815524326e-12
1.740264053801442411e-12
1.754841876923836812e-12
1.739141302898494324e-12
1.739141302898494324e-12
1.754288656163390617e-12
1.737986953790095932e-12
1.751723981556672575e-12
1.699204539388558214e-12
1.751474389511327945e-12
1.735478335111674755e-12
1.734735007947693577e-12
1.734735007947693577e-12
1.750345510357245919e-12
1.733627509095110466e-12
1.733627509095110466e-12
1.749181065469227041e-12
1.732491201164881044e-12
1.732491201164881044e-12
1.678289351471595850e-12
1.731225055382319909e-12
1.731225055382319909e-12
1.746438755906201106e-12
1.728757559811607275e-12
1.728757559811607275e-12
1.745848583611654838e-12
1.729233959256544401e-12
1.744711868722793930e-12
1.728129794924266396e-12
1.743547903066493005e-12
1.727004777252200906e-12
1.765694397125729163e-12
1.725841427596633700e-12
1.741401085561981714e-12
1.723197563840208464e-12
1.740264053801442411e-12
1.723768318060825136e-12
1.739141302898494324e-12
1.722666065285928469e-12
1.737986953790095932e-12
1.721549830388034154e-12
1.699204539388558214e-12
1.720404785441080769e-12
1.735478335111674755e-12
1.716506281572889626e-12
1.734735007947693577e-12
1.718314250539311264e-12
1.718314250539311264e-12
1.733627509095110466e-12
1.717247194601840101e-12
1.717247194601840101e-12
1.732491201164881044e-12
1.716142616213454987e-12
1.731225055382319909e-12
1.715007393274822189e-12
1.728757559811607275e-12
1.709056033358222788e-12
1.729233959256544401e-12
1.712916979051663529e-12
1.728129794924266396e-12
1.711854371710067961e-12
1.727004777252200906e-12
1.710756515213348581e-12
1.725841427596633700e-12
1.709628825193204213e-12
1.723197563840208464e-12
1.706095796558680830e-12
1.723768318060825136e-12
1.707578156124170628e-12
1.707578156124170628e-12
1.722666065285928469e-12
1.706499915390967967e-12
1.721549830388034154e-12
1.705409428755825861e-12
1.720404785441080769e-12
1.704289472016729804e-12
1.716506281572889626e-12
1.700770788544772817e-12
1.718314250539311264e-12
1.702241112498909944e-12
1.702241112498909944e-12
1.717247194601840101e-12
1.701176602555323767e-12
1.716142616213454987e-12
1.700090509315068250e-12
1.700090509315068250e-12
1.715007393274822189e-12
1.698981960134132806e-12
1.698981960134132806e-12
1.709056033358222788e-12
1.699591642456817587e-12
1.712916979051663529e-12
1.696936161706105373e-12
1.711854371710067961e-12
1.695896041742458918e-12
1.710756515213348581e-12
1.694817101465942956e-12
1.694817101465942956e-12
1.709628825193204213e-12
1.693724430997782726e-12
1.706095796558680830e-12
1.694726348876234650e-12
1.694726348876234650e-12
1.707578156124170628e-12
1.691686745980568023e-12
1.706499915390967967e-12
1.690641236284944847e-12
1.690641236284944847e-12
1.705409428755825861e-12
1.689565574135483885e-12
1.689565574135483885e-12
1.704289472016729804e-12
1.686142615714510109e-12
1.686142615714510109e-12
1.700770788544772817e-12
1.687705977552913412e-12
1.702241112498909944e-12
1.686467475988138468e-12
1.686467475988138468e-12
1.701176602555323767e-12
1.685414491558088056e-12
1.700090509315068250e-12
1.684338759812092718e-12
1.698981960134132806e-12
1.637183259402914580e-12
1.699591642456817587e-12
1.682595198863034165e-12
1.682595198863034165e-12
1.696936161706105373e-12
1.681279425287382005e-12
1.695896041742458918e-12
1.680238061658365547e-12
1.694817101465942956e-12
1.679168462084848556e-12
1.679168462084848556e-12
1.693724430997782726e-12
1.630397688631182895e-12
1.630397688631182895e-12
1.694726348876234650e-12
1.677129227679526690e-12
1.691686745980568023e-12
1.676134257407078135e-12
1.676134257407078135e-12
1.690641236284944847e-12
1.675102313274263796e-12
1.689565574135483885e-12
1.674042459493232210e-12
1.686142615714510109e-12
1.611948156537909299e-12
1.687705977552913412e-12
1.672551720544894647e-12
1.686467475988138468e-12
1.671021919179136677e-12
1.685414491558088056e-12
1.670001082952640594e-12
1.684338759812092718e-12
1.668952218014524698e-12
1.637183259402914580e-12
1.669398776790569392e-12
1.682595198863034165e-12
1.667777011705991309e-12
1.681279425287382005e-12
1.665939960362676214e-12
1.680238061658365547e-12
1.664923152959898749e-12
1.664923152959898749e-12
1.679168462084848556e-12
1.663881526980631719e-12
1.663881526980631719e-12
1.630397688631182895e-12
1.665271894174780786e-12
1.665271894174780786e-12
1.677129227679526690e-12
1.662661736089252047e-12
1.676134257407078135e-12
1.660886908507647144e-12
1.675102313274263796e-12
1.659871397207101882e-12
1.674042459493232210e-12
1.658833662564677814e-12
1.611948156537909299e-12
1.705138172868555792e-12
1.672551720544894647e-12
1.657167630736941368e-12
1.671021919179136677e-12
1.655865080152770645e-12
1.655865080152770645e-12
1.670001082952640594e-12
1.654864279062212622e-12
1.668952218014524698e-12
1.653834932344129781e-12
1.669398776790569392e-12
1.654643223693833092e-12
1.654643223693833092e-12
1.667777011705991309e-12
1.651705839000370787e-12
1.665939960362676214e-12
1.650890895935826341e-12
1.664923152959898749e-12
1.649897186447341645e-12
1.663881526980631719e-12
1.648880321626807872e-12
1.665271894174780786e-12
1.647828101691541510e-12
1.662661736089252047e-12
1.645575734831020272e-12
1.645575734831020272e-12
1.660886908507647144e-12
1.645943412551720299e-12
1.659871397207101882e-12
1.644947447213638588e-12
1.644947447213638588e-12
1.658833662564677814e-12
1.643937389914247451e-12
1.705138172868555792e-12
1.642882440516635764e-12
1.657167630736941368e-12
1.640114329066400745e-12
1.655865080152770645e-12
1.641006228285993698e-12
1.654864279062212622e-12
1.640021797046787238e-12
1.653834932344129781e-12
1.639014245375565734e-12
1.654643223693833092e-12
1.639639861043260412e-12
1.651705839000370787e-12
1.637380184337724812e-12
1.650890895935826341e-12
1.636111708176048615e-12
1.636111708176048615e-12
1.649897186447341645e-12
1.635130691485515038e-12
1.635130691485515038e-12
1.648880321626807872e-12
1.634126490121996355e-12
1.634126490121996355e-12
1.647828101691541510e-12
1.653944209111996980e-12
1.645575734831020272e-12
1.632828027092997869e-12
1.645943412551720299e-12
1.631251156291503022e-12
1.644947447213638588e-12
1.630284505727354303e-12
1.643937389914247451e-12
1.629289965101257446e-12
1.629289965101257446e-12
1.642882440516635764e-12
1.627731985712931326e-12
1.627731985712931326e-12
1.640114329066400745e-12
1.628420176881464856e-12
1.628420176881464856e-12
1.641006228285993698e-12
1.626420032889753155e-12
1.640021797046787238e-12
1.625456578386300586e-12
1.639014245375565734e-12
1.624467347991368919e-12
1.639639861043260412e-12
1.627162808738895495e-12
1.637380184337724812e-12
1.623284788410532451e-12
1.636111708176048615e-12
1.621618355590010210e-12
1.635130691485515038e-12
1.620653351760608577e-12
1.620653351760608577e-12
1.634126490121996355e-12
1.619666593519426794e-12
1.619666593519426794e-12
1.653944209111996980e-12
1.691233684418510448e-12
1.632828027092997869e-12
1.617737962543364546e-12
1.631251156291503022e-12
1.616835803291576026e-12
1.630284505727354303e-12
1.615875870355022825e-12
1.615875870355022825e-12
1.629289965101257446e-12
1.614889456158034002e-12
1.627731985712931326e-12
1.623963752622042608e-12
1.628420176881464856e-12
1.613075895947002089e-12
1.626420032889753155e-12
1.612085567263348146e-12
1.625456578386300586e-12
1.611124466897473543e-12
1.624467347991368919e-12
1.610137203464968550e-12
1.627162808738895495e-12
1.605144325135828506e-12
1.623284788410532451e-12
1.608322973614087417e-12
1.621618355590010210e-12
1.607361897356670657e-12
1.620653351760608577e-12
1.606400145176545651e-12
1.619666593519426794e-12
1.605578638810581380e-12
1.691233684418510448e-12
1.603946100139740428e-12
1.603946100139740428e-12
1.617737962543364546e-12
1.603595278036081874e-12
1.616835803291576026e-12
1.602662110564751752e-12
1.615875870355022825e-12
1.601697292439424997e-12
1.614889456158034002e-12
1.714475138927573586e-12
1.623963752622042608e-12
1.600101089951420063e-12
1.613075895947002089e-12
1.598963670189362708e-12
1.612085567263348146e-12
1.598041450333401400e-12
1.611124466897473543e-12
1.597095822290406874e-12
1.597095822290406874e-12
1.610137203464968550e-12
1.596123132656784875e-12
1.605144325135828506e-12
1.600682015544233824e-12
1.608322973614087417e-12
1.594303719832074327e-12
1.594303719832074327e-12
1.607361897356670657e-12
1.593424117661538603e-12
1.606400145176545651e-12
1.592492656102760772e-12
1.605578638810581380e-12
1.591534820495874078e-12
1.603946100139740428e-12
1.573262057847726494e-12
1.573262057847726494e-12
1.603595278036081874e-12
1.589591433476168719e-12
1.589591433476168719e-12
1.602662110564751752e-12
1.588829583665148241e-12
1.588829583665148241e-12
1.601697292439424997e-12
1.587911603618924430e-12
1.714475138927573586e-12
1.586967301390929351e-12
1.600101089951420063e-12
1.579338626388226594e-12
1.598963670189362708e-12
1.584962408189434119e-12
1.598041450333401400e-12
1.584262927303617054e-12
1.597095822290406874e-12
1.583353738113258549e-12
1.583353738113258549e-12
1.596123132656784875e-12
1.582421571590843502e-12
1.600682015544233824e-12
1.581467017371386198e-12
1.594303719832074327e-12
1.582612938778633756e-12
1.593424117661538603e-12
1.579726191104205860e-12
1.579726191104205860e-12
1.592492656102760772e-12
1.578820952656228887e-12
1.591534820495874078e-12
1.577899942245901848e-12
1.573262057847726494e-12
1.576952689289998446e-12
1.589591433476168719e-12
1.581583057565504505e-12
1.588829583665148241e-12
1.575216021630954307e-12
1.587911603618924430e-12
1.574313092296956434e-12
1.574313092296956434e-12
1.586967301390929351e-12
1.573402137217674091e-12
1.579338626388226594e-12
1.572465122356625886e-12
1.584962408189434119e-12
1.581918240921903397e-12
1.584262927303617054e-12
1.570701984960996472e-12
1.583353738113258549e-12
1.569823386485501153e-12
1.582421571590843502e-12
1.568917633352581833e-12
1.568917633352581833e-12
1.581467017371386198e-12
1.567986013926620981e-12
1.567986013926620981e-12
1.582612938778633756e-12
1.579236443244498750e-12
1.579236443244498750e-12
1.579726191104205860e-12
1.566187813570176997e-12
1.578820952656228887e-12
1.565370553481559918e-12
1.577899942245901848e-12
1.564474313734247342e-12
1.576952689289998446e-12
1.563552763436562643e-12
1.563552763436562643e-12
1.581583057565504505e-12
1.583949786906996127e-12
1.575216021630954307e-12
1.561661958252046835e-12
1.574313092296956434e-12
1.560937189706615359e-12
1.573402137217674091e-12
1.560047264854510682e-12
1.572465122356625886e-12
1.559132786315504258e-12
1.581918240921903397e-12
1.563578840137257804e-12
1.570701984960996472e-12
1.557288120566071244e-12
1.569823386485501153e-12
1.556528336666210103e-12
1.556528336666210103e-12
1.568917633352581833e-12
1.555643496095110372e-12
1.567986013926620981e-12
1.554734684063771233e-12
1.579236443244498750e-12
1.586044795865903082e-12
1.566187813570176997e-12
1.552940781672946668e-12
1.565370553481559918e-12
1.552139244004355469e-12
1.564474313734247342e-12
1.551258090460733567e-12
1.551258090460733567e-12
1.563552763436562643e-12
1.550351727119078340e-12
1.583949786906996127e-12
1.566437172852100052e-12
1.566437172852100052e-12
1.561661958252046835e-12
1.548674910871012290e-12
1.560937189706615359e-12
1.547776804985161749e-12
1.560047264854510682e-12
1.546897144675451092e-12
1.559132786315504258e-12
1.545992604557148673e-12
1.545992604557148673e-12
1.563578840137257804e-12
1.538724907157781180e-12
1.538724907157781180e-12
1.557288120566071244e-12
1.544319193990435884e-12
1.556528336666210103e-12
1.543434456102028138e-12
1.555643496095110372e-12
1.542554151666115932e-12
1.542554151666115932e-12
1.554734684063771233e-12
1.541648496717907214e-12
1.586044795865903082e-12
1.538339480881772947e-12
1.552940781672946668e-12
1.539973498991318827e-12
1.552139244004355469e-12
1.539140224674744719e-12
1.551258090460733567e-12
1.538271305942459877e-12
1.550351727119078340e-12
1.537377282073228992e-12
1.566437172852100052e-12
1.549524688079845860e-12
1.548674910871012290e-12
1.535768304339374606e-12
1.547776804985161749e-12
1.534865533903673304e-12
1.546897144675451092e-12
1.534009201544995252e-12
1.534009201544995252e-12
1.545992604557148673e-12
1.533128247153620370e-12
1.533128247153620370e-12
1.538724907157781180e-12
1.586999138585684157e-12
1.544319193990435884e-12
1.531823089928176162e-12
1.531823089928176162e-12
1.543434456102028138e-12
1.530607583445775064e-12
1.542554151666115932e-12
1.529763106165217332e-12
1.529763106165217332e-12
1.541648496717907214e-12
1.528893320845063566e-12
1.528893320845063566e-12
1.538339480881772947e-12
1.527967847429170490e-12
1.539973498991318827e-12
1.525769757028831271e-12
1.539140224674744719e-12
1.526370688475545513e-12
1.538271305942459877e-12
1.525544787942055858e-12
1.525544787942055858e-12
1.537377282073228992e-12
1.524688597051056727e-12
1.549524688079845860e-12
1.523807735057084885e-12
1.535768304339374606e-12
1.518780623092686170e-12
1.534865533903673304e-12
1.522132928656549444e-12
1.534009201544995252e-12
1.521337158051591329e-12
1.533128247153620370e-12
1.520488576906231564e-12
1.520488576906231564e-12
1.586999138585684157e-12
1.519615596228133577e-12
1.519615596228133577e-12
1.531823089928176162e-12
1.515944373796342149e-12
1.530607583445775064e-12
1.517922364155681977e-12
1.529763106165217332e-12
1.517150170028020854e-12
1.528893320845063566e-12
1.516306562453120370e-12
1.527967847429170490e-12
1.515438535360834415e-12
1.525769757028831271e-12
1.508191917818076992e-12
1.526370688475545513e-12
1.513768122856427529e-12
1.525544787942055858e-12
1.512984282886193674e-12
1.512984282886193674e-12
1.524688597051056727e-12
1.512143188016837915e-12
1.512143188016837915e-12
1.523807735057084885e-12
1.511277776918768949e-12
1.511277776918768949e-12
1.518780623092686170e-12
1.514981057626219600e-12
1.522132928656549444e-12
1.509640349348569840e-12
1.521337158051591329e-12
1.508839263148086154e-12
1.520488576906231564e-12
1.507998179443196008e-12
1.519615596228133577e-12
1.507119569188036661e-12
1.507119569188036661e-12
1.515944373796342149e-12
1.505287641705574036e-12
1.517922364155681977e-12
1.505525160639381392e-12
1.517150170028020854e-12
1.504713911002697870e-12
1.516306562453120370e-12
1.503871681660463836e-12
1.515438535360834415e-12
1.480555915059469852e-12
1.480555915059469852e-12
1.508191917818076992e-12
1.502135661753476989e-12
1.513768122856427529e-12
1.501435486635510767e-12
1.512984282886193674e-12
1.500615342658314916e-12
1.512143188016837915e-12
1.499774207023938115e-12
1.499774207023938115e-12
1.511277776918768949e-12
1.511274476040837003e-12
1.514981057626219600e-12
1.497963674109574111e-12
1.509640349348569840e-12
1.497351656216806574e-12
1.508839263148086154e-12
1.496532927542343609e-12
1.507998179443196008e-12
1.495690646167541191e-12
1.507119569188036661e-12
1.484382483842663739e-12
1.505287641705574036e-12
1.494052528281724499e-12
1.494052528281724499e-12
1.505525160639381392e-12
1.493294586301871912e-12
1.504713911002697870e-12
1.492477187750943606e-12
1.503871681660463836e-12
1.491636065557449620e-12
1.480555915059469852e-12
1.496110397481757679e-12
1.502135661753476989e-12
1.490026887017005569e-12
1.501435486635510767e-12
1.489254858438605716e-12
1.500615342658314916e-12
1.488435734618678127e-12
1.499774207023938115e-12
1.488435735051535522e-12
1.488435735051535522e-12
1.511274476040837003e-12
1.488435735493553497e-12
1.497963674109574111e-12
1.488435735937836728e-12
1.497351656216806574e-12
1.488435736370575377e-12
1.496532927542343609e-12
1.488435736832605832e-12
1.488435736832605832e-12
1.495690646167541191e-12
1.488435737252167146e-12
1.484382483842663739e-12
1.488435737722455877e-12
1.488435737722455877e-12
1.494052528281724499e-12
1.488435738168386805e-12
1.488435738168386805e-12
1.493294586301871912e-12
1.488435738621362702e-12
1.492477187750943606e-12
1.488435739063515983e-12
1.488435739063515983e-12
1.491636065557449620e-12
1.488435739467113277e-12
1.496110397481757679e-12
1.488435739938523427e-12
1.490026887017005569e-12
1.488435740375816215e-12
1.488435740375816215e-12
1.489254858438605716e-12
1.488435740823778339e-12
1.488435740823778339e-12
1.488435734618678127e-12
1.488435741282808245e-12
1.488435741282808245e-12
1.488435735051535522e-12
1.488435741720285613e-12
1.488435741720285613e-12
1.488435735493553497e-12
1.488435742180433102e-12
1.488435742180433102e-12
1.488435735937836728e-12
1.488435742594990741e-12
1.488435736370575377e-12
1.488435743039640911e-12
1.488435743039640911e-12
1.488435736832605832e-12
1.488435743518626146e-12
1.488435737252167146e-12
1.488435743937399660e-12
1.488435743937399660e-12
1.488435737722455877e-12
1.488435744365787936e-12
1.488435744365787936e-12
1.488435738168386805e-12
1.488435744845576521e-12
1.488435744845576521e-12
1.488435738621362702e-12
1.488435745283757074e-12
1.488435739063515983e-12
1.488435745736737818e-12
1.488435739467113277e-12
1.488435746191811151e-12
1.488435739938523427e-12
1.488435746627242176e-12
1.488435740375816215e-12
1.488435747075252768e-12
1.488435747075252768e-12
1.488435740823778339e-12
1.488435747514681765e-12
1.488435747514681765e-12
1.488435741282808245e-12
1.488435747972812799e-12
1.488435741720285613e-12
1.488435748433380340e-12
1.488435748433380340e-12
1.488435742180433102e-12
1.488435748853717338e-12
1.488435742594990741e-12
1.488435749299990366e-12
1.488435743039640911e-12
1.488435749772382390e-12
1.488435749772382390e-12
1.488435743518626146e-12
1.488435750183264164e-12
1.488435750183264164e-12
1.488435743937399660e-12
1.488435750640777236e-12
1.488435744365787936e-12
1.488435751053110009e-12
1.488435744845576521e-12
1.488435751534883747e-12
1.488435745283757074e-12
1.488435751968433017e-12
1.488435745736737818e-12
1.488435752399242857e-12
1.488435746191811151e-12
1.488435752871163735e-12
1.488435746627242176e-12
1.488435753307480909e-12
1.488435747075252768e-12
1.488435753762825459e-12
1.488435747514681765e-12
1.488435754197584602e-12
1.488435747972812799e-12
1.488435754641860562e-12
1.488435748433380340e-12
1.488435755087572376e-12
1.488435748853717338e-12
1.488435755523692650e-12
1.488435749299990366e-12
1.488435755988995275e-12
1.488435749772382390e-12
1.488435756445381879e-12
1.488435756445381879e-12
1.488435750183264164e-12
1.488435756876282596e-12
1.488435756876282596e-12
1.488435750640777236e-12
1.488435757335475676e-12
1.488435751053110009e-12
1.488435757782232572e-12
1.488435757782232572e-12
1.488435751534883747e-12
1.488435758238935023e-12
1.488435751968433017e-12
1.488435758662272571e-12
1.488435758662272571e-12
