3.214085319622509655e-04
3.214085319622509655e-04
3.214085319622509655e-04
1.790325350052973099e-04
1.790325350052973099e-04
1.790325350052973099e-04
1.002283915851069678e-04
1.002283915851069678e-04
1.002283915851069678e-04
5.413374191551760604e-05
5.413374191551760604e-05
5.413374191551760604e-05
2.901531414013279009e-05
2.901531414013279009e-05
2.901531414013279009e-05
1.588618713764056175e-05
1.588618713764056175e-05
1.588618713764056175e-05
9.090576073244944743e-06
9.090576073244944743e-06
9.090576073244944743e-06
5.454497278357943112e-06
5.454497278357943112e-06
5.454497278357943112e-06
3.376399616650893855e-06
3.376399616650893855e-06
3.376399616650893855e-06
2.108964718999835330e-06
2.108964718999835330e-06
2.108964718999835330e-06
1.306012450700712796e-06
1.306012450700712796e-06
1.306012450700712796e-06
7.929600653672699379e-07
7.929600653672699379e-07
7.929600653672699379e-07
4.689697402779561974e-07
4.689697402779561974e-07
4.689697402779561974e-07
2.691355162652834398e-07
2.691355162652834398e-07
2.691355162652834398e-07
1.495869324823872946e-07
1.495869324823872946e-07
1.495869324823872946e-07
8.054126594332103365e-08
8.054126594332103365e-08
8.054126594332103365e-08
4.217826573650769828e-08
4.217826573650769828e-08
4.217826573650769828e-08
2.173243705159958218e-08
2.173243705159958218e-08
2.173243705159958218e-08
1.130618370384298959e-08
1.130618370384298959e-08
1.130618370384298959e-08
6.229359459526192762e-09
6.229359459526192762e-09
6.229359459526192762e-09
3.871854586634030860e-09
3.871854586634030860e-09
3.871854586634030860e-09
2.827067590164309147e-09
2.827067590164309147e-09
2.382427192307592068e-09
2.382427192307592068e-09
2.382427192307592068e-09
2.196809251887223481e-09
2.196809251887223481e-09
2.196809251887223481e-09
2.116260604160122989e-09
2.116260604160122989e-09
2.116260604160122989e-09
2.075440195257497768e-09
2.075440195257497768e-09
2.075440195257497768e-09
2.048334852920506316e-09
2.048334852920506316e-09
2.048334852920506316e-09
2.025255052797031179e-09
2.025255052797031179e-09
2.002831112321834750e-09
2.002831112321834750e-09
2.002831112321834750e-09
1.979969299292042090e-09
1.979969299292042090e-09
1.979969299292042090e-09
1.956336299233051730e-09
1.956336299233051730e-09
1.956336299233051730e-09
1.931834261102841747e-09
1.931834261102841747e-09
1.931834261102841747e-09
1.906433373597129642e-09
1.906433373597129642e-09
1.906433373597129642e-09
1.880122975803096871e-09
1.880122975803096871e-09
1.880122975803096871e-09
1.852898645731475758e-09
1.852898645731475758e-09
1.852898645731475758e-09
1.824759250245456109e-09
1.824759250245456109e-09
1.795706502574569792e-09
1.795706502574569792e-09
1.765745092706670492e-09
1.765745092706670492e-09
1.765745092706670492e-09
1.734882937332836327e-09
1.734882937332836327e-09
1.734882937332836327e-09
1.703131452790116745e-09
1.703131452790116745e-09
1.703131452790116745e-09
1.670505830341946424e-09
1.670505830341946424e-09
1.670505830341946424e-09
1.637025308741463388e-09
1.637025308741463388e-09
1.637025308741463388e-09
1.602713439085249458e-09
1.602713439085249458e-09
1.602713439085249458e-09
1.567598338138587912e-09
1.567598338138587912e-09
1.567598338138587912e-09
1.531712924964722793e-09
1.531712924964722793e-09
1.495095136093258019e-09
1.495095136093258019e-09
1.495095136093258019e-09
1.457788112954329785e-09
1.457788112954329785e-09
1.457788112954329785e-09
1.419840354297313336e-09
1.419840354297313336e-09
1.381305829767410351e-09
1.381305829767410351e-09
1.381305829767410351e-09
1.342244042911079271e-09
1.342244042911079271e-09
1.342244042911079271e-09
1.302720040968009350e-09
1.302720040968009350e-09
1.302720040968009350e-09
1.262804358934668719e-09
1.262804358934668719e-09
1.262804358934668719e-09
1.222572894891563881e-09
1.222572894891563881e-09
1.222572894891563881e-09
1.182106706813869843e-09
1.182106706813869843e-09
1.182106706813869843e-09
1.141491723570138164e-09
1.141491723570138164e-09
1.100818365759414653e-09
1.100818365759414653e-09
1.100818365759414653e-09
1.060181069875426768e-09
1.060181069875426768e-09
1.019677712708908220e-09
1.019677712708908220e-09
1.019677712708908220e-09
9.794089338809773946e-10
9.794089338809773946e-10
9.794089338809773946e-10
9.394773565536191577e-10
9.394773565536191577e-10
9.394773565536191577e-10
8.999867093168783060e-10
8.999867093168783060e-10
8.610408542128429763e-10
8.610408542128429763e-10
8.610408542128429763e-10
8.227427297577792406e-10
8.227427297577792406e-10
8.227427297577792406e-10
7.851932216171343001e-10
7.851932216171343001e-10
7.851932216171343001e-10
7.484899759154336076e-10
7.484899759154336076e-10
7.127261740277207405e-10
7.127261740277207405e-10
7.127261740277207405e-10
6.779892936684398209e-10
6.779892936684398209e-10
6.779892936684398209e-10
6.443598812403155755e-10
6.443598812403155755e-10
6.443598812403155755e-10
6.119103649668480299e-10
6.119103649668480299e-10
6.119103649668480299e-10
5.807039409599019955e-10
5.807039409599019955e-10
5.807039409599019955e-10
5.507935648339754177e-10
5.507935648339754177e-10
5.507935648339754177e-10
5.222210829320671385e-10
5.222210829320671385e-10
5.222210829320671385e-10
4.950165354380450579e-10
4.950165354380450579e-10
4.950165354380450579e-10
4.691976619183555160e-10
4.691976619183555160e-10
4.691976619183555160e-10
4.447696359545491937e-10
4.447696359545491937e-10
4.447696359545491937e-10
4.217250499881298801e-10
4.217250499881298801e-10
4.217250499881298801e-10
4.000441645346513381e-10
4.000441645346513381e-10
4.000441645346513381e-10
3.796954274206979798e-10
3.796954274206979798e-10
3.796954274206979798e-10
3.606362606331845745e-10
3.606362606331845745e-10
3.606362606331845745e-10
3.428140986858821926e-10
3.428140986858821926e-10
3.428140986858821926e-10
3.261676568784491770e-10
3.261676568784491770e-10
3.261676568784491770e-10
3.106283933649218819e-10
3.106283933649218819e-10
3.106283933649218819e-10
2.961221220211834019e-10
2.961221220211834019e-10
2.961221220211834019e-10
2.825707243796289240e-10
2.825707243796289240e-10
2.825707243796289240e-10
2.698939041368314055e-10
2.698939041368314055e-10
2.698939041368314055e-10
2.580109241343301116e-10
2.580109241343301116e-10
2.580109241343301116e-10
2.468422665569224053e-10
2.468422665569224053e-10
2.468422665569224053e-10
2.363111590950176549e-10
2.363111590950176549e-10
2.263449184272487118e-10
2.363111590950176549e-10
2.168760694612868368e-10
2.168760694612868368e-10
2.263449184272487118e-10
2.078432117483089172e-10
2.078432117483089172e-10
2.168760694612868368e-10
1.991916168555963231e-10
1.991916168555963231e-10
2.078432117483089172e-10
1.908735548586308262e-10
1.991916168555963231e-10
1.828483610381826809e-10
1.908735548586308262e-10
1.750822657978684466e-10
1.750822657978684466e-10
1.828483610381826809e-10
1.675480225154460064e-10
1.675480225154460064e-10
1.750822657978684466e-10
1.602243722802882706e-10
1.602243722802882706e-10
1.675480225154460064e-10
1.530953913880936806e-10
1.530953913880936806e-10
1.602243722802882706e-10
1.461497666116764250e-10
1.461497666116764250e-10
1.530953913880936806e-10
1.393800419062635564e-10
1.461497666116764250e-10
1.327818741994227139e-10
1.327818741994227139e-10
1.393800419062635564e-10
1.263533306619758728e-10
1.263533306619758728e-10
1.327818741994227139e-10
1.200942507407412531e-10
1.200942507407412531e-10
1.263533306619758728e-10
1.140056884598944241e-10
1.140056884598944241e-10
1.200942507407412531e-10
1.080894433553189154e-10
1.080894433553189154e-10
1.140056884598944241e-10
1.023476801056949600e-10
1.023476801056949600e-10
1.080894433553189154e-10
9.678263357595465690e-11
9.678263357595465690e-11
1.023476801056949600e-10
9.139639021958747473e-11
9.139639021958747473e-11
9.678263357595465690e-11
8.619073560414005171e-11
8.619073560414005171e-11
9.139639021958747473e-11
8.116705683721513672e-11
8.116705683721513672e-11
8.619073560414005171e-11
7.632628787246109178e-11
7.632628787246109178e-11
8.116705683721513672e-11
7.166888754484401096e-11
7.166888754484401096e-11
7.632628787246109178e-11
6.719484097582839859e-11
7.166888754484401096e-11
6.290367637630278759e-11
6.719484097582839859e-11
5.879449160721395152e-11
6.290367637630278759e-11
5.486598428882643024e-11
5.879449160721395152e-11
5.111648370984282529e-11
5.111648370984282529e-11
5.486598428882643024e-11
4.754398047811284483e-11
4.754398047811284483e-11
5.111648370984282529e-11
4.414615297445228745e-11
4.414615297445228745e-11
4.754398047811284483e-11
4.092038942343603446e-11
4.092038942343603446e-11
4.414615297445228745e-11
3.786380546130155888e-11
4.092038942343603446e-11
3.497325729952561153e-11
3.497325729952561153e-11
3.786380546130155888e-11
3.224535102389507321e-11
3.224535102389507321e-11
3.497325729952561153e-11
2.967644895167683226e-11
2.967644895167683226e-11
3.224535102389507321e-11
2.731536289914214676e-11
2.731536289914214676e-11
2.967644895167683226e-11
2.503076770736693866e-11
2.503076770736693866e-11
2.731536289914214676e-11
2.293372009845668192e-11
2.293372009845668192e-11
2.503076770736693866e-11
2.097531588363112197e-11
2.097531588363112197e-11
2.293372009845668192e-11
1.915103756956832675e-11
1.915103756956832675e-11
2.097531588363112197e-11
1.745833738326216532e-11
1.915103756956832675e-11
1.590665104472785176e-11
1.590665104472785176e-11
1.745833738326216532e-11
1.446918858365474920e-11
1.446918858365474920e-11
1.590665104472785176e-11
1.314690678180151674e-11
1.314690678180151674e-11
1.446918858365474920e-11
1.193040303069173797e-11
1.314690678180151674e-11
1.081459111018793780e-11
1.081459111018793780e-11
1.193040303069173797e-11
9.840578096051043970e-12
9.840578096051043970e-12
1.081459111018793780e-11
8.890802335903093272e-12
8.890802335903093272e-12
9.840578096051043970e-12
8.057536821027889806e-12
8.057536821027889806e-12
8.890802335903093272e-12
7.300889508827868314e-12
7.300889508827868314e-12
8.057536821027889806e-12
6.616057604764547616e-12
6.616057604764547616e-12
7.300889508827868314e-12
6.026710484714225892e-12
6.026710484714225892e-12
6.616057604764547616e-12
5.465998671549042446e-12
5.465998671549042446e-12
6.026710484714225892e-12
4.977540782044817635e-12
4.977540782044817635e-12
5.465998671549042446e-12
4.539546547658726271e-12
4.539546547658726271e-12
4.977540782044817635e-12
4.519816009899421037e-12
4.519816009899421037e-12
4.539546547658726271e-12
3.809726974691403506e-12
3.809726974691403506e-12
3.508994267976390455e-12
4.519816009899421037e-12
3.508994267976390455e-12
3.241698248576012624e-12
3.809726974691403506e-12
3.241698248576012624e-12
3.004688607394441936e-12
3.508994267976390455e-12
3.004688607394441936e-12
7.055040678384493671e-12
3.241698248576012624e-12
7.055040678384493671e-12
2.620752150002331842e-12
2.620752150002331842e-12
3.004688607394441936e-12
2.464241954174324071e-12
2.464241954174324071e-12
7.055040678384493671e-12
2.326450859230764661e-12
2.326450859230764661e-12
2.620752150002331842e-12
2.205474612250047394e-12
2.205474612250047394e-12
2.464241954174324071e-12
2.131860231022245934e-12
2.131860231022245934e-12
2.326450859230764661e-12
2.015482197236478702e-12
2.015482197236478702e-12
2.205474612250047394e-12
1.938016248760116151e-12
1.938016248760116151e-12
2.131860231022245934e-12
1.870079086973162612e-12
1.870079086973162612e-12
2.015482197236478702e-12
2.716897779138864629e-12
2.716897779138864629e-12
1.938016248760116151e-12
1.763738746570019860e-12
1.763738746570019860e-12
1.870079086973162612e-12
1.721163546189083536e-12
1.721163546189083536e-12
2.716897779138864629e-12
1.683755545405345662e-12
1.683755545405345662e-12
1.763738746570019860e-12
3.110891276914375489e-11
3.110891276914375489e-11
1.721163546189083536e-12
1.625224707999337459e-12
1.625224707999337459e-12
1.683755545405345662e-12
1.601558466576016292e-12
1.601558466576016292e-12
3.110891276914375489e-11
1.580958169586975224e-12
1.580958169586975224e-12
1.625224707999337459e-12
2.898511670448996878e-11
2.898511670448996878e-11
1.601558466576016292e-12
1.549981242408022580e-12
1.549981242408022580e-12
1.580958169586975224e-12
1.535326222687852800e-12
1.535326222687852800e-12
2.898511670448996878e-11
1.523728310255006015e-12
1.523728310255006015e-12
1.549981242408022580e-12
4.928224023277449606e-11
4.928224023277449606e-11
1.535326222687852800e-12
1.506263137947337174e-12
1.523728310255006015e-12
1.497600191127657634e-12
1.497600191127657634e-12
1.490786403976817504e-12
4.928224023277449606e-11
7.363168908704715409e-12
7.363168908704715409e-12
1.506263137947337174e-12
1.484139557960553084e-12
1.497600191127657634e-12
1.474899386200602813e-12
1.474899386200602813e-12
1.490786403976817504e-12
1.470633823668168079e-12
1.470633823668168079e-12
7.363168908704715409e-12
1.498678340846614715e-12
1.498678340846614715e-12
1.484139557960553084e-12
1.473811196748825615e-12
1.473811196748825615e-12
1.474899386200602813e-12
1.460249249228932095e-12
1.460249249228932095e-12
1.470633823668168079e-12
1.457370358185119454e-12
1.457370358185119454e-12
1.498678340846614715e-12
1.454658102824162932e-12
1.454658102824162932e-12
1.473811196748825615e-12
2.714361763623619814e-12
2.714361763623619814e-12
1.460249249228932095e-12
1.449995254748850728e-12
1.449995254748850728e-12
1.457370358185119454e-12
1.447892847170518484e-12
1.447892847170518484e-12
1.454658102824162932e-12
1.445870126881044507e-12
1.445870126881044507e-12
2.714361763623619814e-12
2.129757651548872131e-12
2.129757651548872131e-12
1.449995254748850728e-12
1.459961992757749913e-12
1.447892847170518484e-12
1.440507953150592938e-12
1.440507953150592938e-12
1.445870126881044507e-12
1.438884027222322826e-12
1.438884027222322826e-12
2.129757651548872131e-12
1.437285455529877309e-12
1.437285455529877309e-12
1.459961992757749913e-12
4.888933418887227733e-11
4.888933418887227733e-11
1.440507953150592938e-12
1.436429338220145532e-12
1.436429338220145532e-12
1.438884027222322826e-12
1.432901309159673468e-12
1.437285455529877309e-12
1.431510184875120175e-12
1.431510184875120175e-12
4.888933418887227733e-11
1.430119315847632025e-12
1.436429338220145532e-12
3.341758504794817077e-12
3.341758504794817077e-12
1.432901309159673468e-12
1.427542483692552280e-12
1.427542483692552280e-12
1.431510184875120175e-12
1.426237447952927238e-12
1.426237447952927238e-12
1.424960692027620351e-12
1.424960692027620351e-12
1.430119315847632025e-12
1.423730888198280327e-12
3.341758504794817077e-12
1.482943282568334062e-12
1.482943282568334062e-12
1.427542483692552280e-12
1.421275088455821304e-12
1.421275088455821304e-12
1.426237447952927238e-12
1.420086193861330195e-12
1.424960692027620351e-12
1.418879539121685212e-12
1.423730888198280327e-12
1.417655547632195997e-12
1.417655547632195997e-12
1.482943282568334062e-12
1.616257236444560394e-12
1.616257236444560394e-12
1.421275088455821304e-12
1.415348235742460529e-12
1.415348235742460529e-12
1.420086193861330195e-12
1.414197817586970453e-12
1.414197817586970453e-12
1.418879539121685212e-12
1.413028993328567748e-12
1.413028993328567748e-12
1.417655547632195997e-12
1.411839231512883220e-12
1.411839231512883220e-12
1.616257236444560394e-12
1.411557750289737184e-12
1.411557750289737184e-12
1.415348235742460529e-12
1.409600699877444157e-12
1.409600699877444157e-12
1.414197817586970453e-12
1.408489730283909828e-12
1.408489730283909828e-12
1.413028993328567748e-12
1.407358367315871413e-12
1.407358367315871413e-12
1.411839231512883220e-12
1.406204673259227157e-12
1.411557750289737184e-12
4.213749169577837286e-11
4.213749169577837286e-11
1.409600699877444157e-12
1.404030080354140044e-12
1.408489730283909828e-12
1.402870587171068272e-12
1.407358367315871413e-12
1.401761430861155334e-12
1.401761430861155334e-12
1.406204673259227157e-12
1.400629420586677535e-12
4.213749169577837286e-11
3.162076040620382608e-10
3.162076040620382608e-10
1.404030080354140044e-12
1.402465435302742501e-12
1.402465435302742501e-12
1.402870587171068272e-12
1.397322546295987206e-12
1.401761430861155334e-12
1.396226649220462531e-12
1.400629420586677535e-12
1.395107933419821083e-12
3.162076040620382608e-10
3.647474121011751356e-10
1.402465435302742501e-12
1.394438448045468721e-12
1.394438448045468721e-12
1.391834704060498587e-12
1.391834704060498587e-12
1.397322546295987206e-12
1.390748191110424734e-12
1.390748191110424734e-12
1.396226649220462531e-12
1.389638859548482122e-12
1.389638859548482122e-12
1.395107933419821083e-12
1.062302914472383442e-10
1.062302914472383442e-10
3.647474121011751356e-10
1.388240474577360206e-12
1.388240474577360206e-12
1.394438448045468721e-12
1.386399337536764958e-12
1.386399337536764958e-12
1.391834704060498587e-12
1.385318677748653766e-12
1.385318677748653766e-12
1.390748191110424734e-12
1.384215249941976811e-12
1.384215249941976811e-12
1.389638859548482122e-12
1.277248597717487546e-11
1.277248597717487546e-11
1.062302914472383442e-10
1.382493402750574297e-12
1.388240474577360206e-12
1.381014780266169759e-12
1.381014780266169759e-12
1.386399337536764958e-12
1.379939299121160458e-12
1.379939299121160458e-12
1.385318677748653766e-12
1.378841253598198631e-12
1.378841253598198631e-12
1.384215249941976811e-12
1.377935687323587193e-12
1.277248597717487546e-11
1.376731448471523063e-12
1.376731448471523063e-12
1.382493402750574297e-12
1.375683698796709053e-12
1.381014780266169759e-12
1.374616575118680723e-12
1.379939299121160458e-12
1.373527064604109205e-12
1.378841253598198631e-12
2.136585254549467087e-12
1.377935687323587193e-12
1.371439966910090857e-12
1.376731448471523063e-12
1.370397986604529273e-12
1.370397986604529273e-12
1.375683698796709053e-12
1.369337273983386486e-12
1.369337273983386486e-12
1.374616575118680723e-12
1.368255481682791039e-12
1.368255481682791039e-12
1.373527064604109205e-12
1.424186109522226930e-12
1.424186109522226930e-12
2.136585254549467087e-12
1.366195815999796709e-12
1.366195815999796709e-12
1.371439966910090857e-12
1.365154749445775267e-12
1.365154749445775267e-12
1.364097825606585892e-12
1.364097825606585892e-12
1.370397986604529273e-12
4.753545025893023898e-12
4.753545025893023898e-12
1.369337273983386486e-12
1.367604657599025567e-12
1.367604657599025567e-12
1.368255481682791039e-12
1.360988153936972368e-12
1.360988153936972368e-12
1.424186109522226930e-12
1.359956440331927302e-12
1.366195815999796709e-12
1.358903178615208428e-12
1.358903178615208428e-12
1.365154749445775267e-12
4.865074453752366689e-11
1.364097825606585892e-12
1.358266972960195528e-12
1.358266972960195528e-12
4.753545025893023898e-12
1.355832450829276928e-12
1.355832450829276928e-12
1.367604657599025567e-12
1.354806315876111267e-12
1.354806315876111267e-12
1.360988153936972368e-12
1.353758473484729324e-12
1.353758473484729324e-12
1.359956440331927302e-12
6.782242355574791948e-12
6.782242355574791948e-12
1.358903178615208428e-12
1.351722489234409975e-12
4.865074453752366689e-11
1.350722249088916505e-12
1.358266972960195528e-12
1.349701786830662671e-12
1.349701786830662671e-12
1.355832450829276928e-12
1.348659816266655699e-12
1.348659816266655699e-12
1.354806315876111267e-12
3.195728750455773933e-12
3.195728750455773933e-12
1.353758473484729324e-12
1.346649482481559069e-12
1.346649482481559069e-12
6.782242355574791948e-12
1.345653180638426604e-12
1.351722489234409975e-12
1.344636308344936786e-12
1.350722249088916505e-12
1.343601676061035040e-12
1.343601676061035040e-12
1.349701786830662671e-12
1.528828580752194840e-12
1.528828580752194840e-12
1.348659816266655699e-12
1.341622830816200426e-12
1.341622830816200426e-12
3.195728750455773933e-12
1.340624087383694825e-12
1.340624087383694825e-12
1.339609175528042449e-12
1.339609175528042449e-12
1.346649482481559069e-12
3.443968411131643047e-10
3.443968411131643047e-10
1.345653180638426604e-12
1.346158253764199671e-12
1.346158253764199671e-12
1.344636308344936786e-12
1.336628887933174145e-12
1.336628887933174145e-12
1.343601676061035040e-12
1.335636910532389947e-12
1.335636910532389947e-12
1.528828580752194840e-12
1.334624178569784578e-12
1.334624178569784578e-12
1.341622830816200426e-12
2.623798601940941046e-11
2.623798601940941046e-11
1.340624087383694825e-12
1.332747540912161571e-12
1.332747540912161571e-12
1.339609175528042449e-12
1.331692354081116581e-12
1.331692354081116581e-12
3.443968411131643047e-10
1.330712538496635450e-12
1.330712538496635450e-12
1.346158253764199671e-12
1.329711873567971502e-12
1.329711873567971502e-12
1.336628887933174145e-12
2.073918404492681019e-10
1.335636910532389947e-12
1.333147203399157796e-12
1.334624178569784578e-12
1.326800110524313060e-12
2.623798601940941046e-11
1.325834345487946149e-12
1.325834345487946149e-12
1.332747540912161571e-12
1.324847857837976880e-12
1.324847857837976880e-12
1.331692354081116581e-12
1.334217413026936532e-12
1.334217413026936532e-12
1.330712538496635450e-12
1.372610365835480362e-12
1.372610365835480362e-12
1.329711873567971502e-12
1.321945253492385345e-12
1.321945253492385345e-12
2.073918404492681019e-10
1.320987471049777947e-12
1.320987471049777947e-12
1.333147203399157796e-12
1.320009945952768354e-12
1.320009945952768354e-12
1.321874800590788150e-12
1.321874800590788150e-12
1.326800110524313060e-12
1.319935394855094613e-12
1.319935394855094613e-12
1.325834345487946149e-12
1.317131103296544651e-12
1.324847857837976880e-12
1.316180428884790330e-12
1.316180428884790330e-12
1.334217413026936532e-12
1.315210976360638966e-12
1.315210976360638966e-12
1.372610365835480362e-12
1.338822480377176388e-12
1.338822480377176388e-12
1.321945253492385345e-12
1.350159830421138044e-12
1.350159830421138044e-12
1.320987471049777947e-12
1.312354285282410777e-12
1.320009945952768354e-12
1.311408821096282144e-12
1.321874800590788150e-12
1.310444545453203671e-12
1.310444545453203671e-12
1.319935394855094613e-12
3.468839186754281723e-10
3.468839186754281723e-10
1.317131103296544651e-12
1.312359559991047529e-12
1.312359559991047529e-12
1.316180428884790330e-12
1.307613928807098530e-12
1.307613928807098530e-12
1.315210976360638966e-12
1.306672395550839537e-12
1.306672395550839537e-12
1.338822480377176388e-12
1.305710921572280496e-12
1.305710921572280496e-12
1.350159830421138044e-12
2.228451959870371207e-12
2.228451959870371207e-12
1.312354285282410777e-12
1.304803999672059380e-12
1.311408821096282144e-12
1.302921434348713979e-12
1.302921434348713979e-12
1.310444545453203671e-12
1.301989654616086648e-12
1.301989654616086648e-12
3.468839186754281723e-10
1.301038016460984798e-12
1.301038016460984798e-12
1.312359559991047529e-12
6.927106388089453882e-11
6.927106388089453882e-11
1.307613928807098530e-12
1.301223348581699378e-12
1.301223348581699378e-12
1.306672395550839537e-12
1.298264215300898755e-12
1.305710921572280496e-12
1.297338280877262865e-12
1.297338280877262865e-12
2.228451959870371207e-12
1.296392707007073258e-12
1.088490854722047471e-11
1.088490854722047471e-11
1.295203554255383207e-12
1.295203554255383207e-12
1.302921434348713979e-12
1.293642406789019144e-12
1.293642406789019144e-12
1.301989654616086648e-12
1.292719753441279381e-12
1.292719753441279381e-12
1.301038016460984798e-12
1.291777591956202295e-12
6.927106388089453882e-11
2.761387684979357811e-12
2.761387684979357811e-12
1.301223348581699378e-12
1.289958724179689025e-12
1.298264215300898755e-12
1.289057007110622712e-12
1.297338280877262865e-12
1.288136999085193058e-12
1.288136999085193058e-12
1.296392707007073258e-12
1.287198884369058749e-12
1.287198884369058749e-12
1.088490854722047471e-11
1.505855111078703994e-12
1.505855111078703994e-12
1.295203554255383207e-12
1.285410155728891928e-12
1.293642406789019144e-12
1.284511352716492149e-12
1.292719753441279381e-12
1.283595799474331873e-12
1.291777591956202295e-12
1.290602076719899900e-12
1.290602076719899900e-12
2.761387684979357811e-12
1.284417466987175168e-12
1.289958724179689025e-12
1.280896776097185088e-12
1.289057007110622712e-12
1.280004336520602280e-12
1.280004336520602280e-12
1.288136999085193058e-12
1.279094251495335131e-12
1.279094251495335131e-12
1.287198884369058749e-12
2.052104361093500340e-11
1.505855111078703994e-12
1.292200880079476416e-12
1.292200880079476416e-12
1.285410155728891928e-12
1.276418104802516368e-12
1.284511352716492149e-12
1.275530608525143781e-12
1.275530608525143781e-12
1.283595799474331873e-12
1.274624170146493787e-12
1.274624170146493787e-12
1.290602076719899900e-12
6.559586816603052057e-11
6.559586816603052057e-11
1.284417466987175168e-12
1.273037021616506254e-12
1.280896776097185088e-12
1.271974995464825115e-12
1.271974995464825115e-12
1.280004336520602280e-12
1.271089451147595439e-12
1.271089451147595439e-12
1.279094251495335131e-12
1.270185127816969307e-12
1.270185127816969307e-12
2.052104361093500340e-11
3.592268429393284167e-12
3.592268429393284167e-12
1.292200880079476416e-12
1.268546229779325304e-12
1.268546229779325304e-12
1.276418104802516368e-12
1.267564833518436469e-12
1.267564833518436469e-12
1.275530608525143781e-12
1.266680089283750429e-12
1.266680089283750429e-12
1.274624170146493787e-12
1.265809160582126574e-12
1.265809160582126574e-12
6.559586816603052057e-11
1.307788981929235282e-12
1.307788981929235282e-12
1.264052999949603744e-12
1.273037021616506254e-12
1.263186715280648926e-12
1.263186715280648926e-12
1.271974995464825115e-12
1.262301864750763544e-12
1.262301864750763544e-12
1.271089451147595439e-12
8.031036073089269809e-11
8.031036073089269809e-11
1.270185127816969307e-12
1.263002966626538578e-12
1.263002966626538578e-12
3.592268429393284167e-12
1.259707161088907089e-12
1.268546229779325304e-12
1.258839908404135292e-12
1.258839908404135292e-12
1.267564833518436469e-12
1.257954337023549406e-12
1.257954337023549406e-12
1.266680089283750429e-12
2.592654239532614084e-12
2.592654239532614084e-12
1.265809160582126574e-12
1.256242899183411747e-12
1.307788981929235282e-12
1.255391820387656059e-12
1.255391820387656059e-12
1.264052999949603744e-12
1.254523137089320965e-12
1.254523137089320965e-12
1.263186715280648926e-12
4.381580859686688145e-12
4.381580859686688145e-12
1.262301864750763544e-12
1.270581235892952185e-12
1.270581235892952185e-12
8.031036073089269809e-11
1.251961899948886191e-12
1.251961899948886191e-12
1.263002966626538578e-12
1.251112177833208457e-12
1.259707161088907089e-12
1.250244481663792955e-12
1.250244481663792955e-12
1.258839908404135292e-12
1.762651183377460272e-11
1.762651183377460272e-11
1.257954337023549406e-12
1.249316500501174083e-12
1.249316500501174083e-12
2.592654239532614084e-12
1.247712297484423453e-12
1.247712297484423453e-12
1.256242899183411747e-12
1.246862662561289239e-12
1.246862662561289239e-12
1.255391820387656059e-12
1.245995037660226970e-12
1.245995037660226970e-12
1.254523137089320965e-12
1.698187765025082494e-12
4.381580859686688145e-12
1.244327750285157716e-12
1.244327750285157716e-12
1.270581235892952185e-12
1.243492450644824432e-12
1.243492450644824432e-12
1.251961899948886191e-12
1.242641694527715992e-12
1.242641694527715992e-12
1.251112177833208457e-12
3.173961069651834694e-10
3.173961069651834694e-10
1.250244481663792955e-12
1.244389160067609405e-12
1.244389160067609405e-12
1.762651183377460272e-11
1.240136480930293475e-12
1.240136480930293475e-12
1.249316500501174083e-12
1.239301669760267766e-12
1.239301669760267766e-12
1.247712297484423453e-12
1.238449339241513326e-12
1.238449339241513326e-12
1.246862662561289239e-12
2.823255253591805539e-12
2.823255253591805539e-12
1.245995037660226970e-12
1.236864218535927893e-12
1.236864218535927893e-12
1.698187765025082494e-12
1.235977588635927766e-12
1.235977588635927766e-12
1.244327750285157716e-12
1.235142105748451405e-12
1.243492450644824432e-12
1.245568209536229123e-12
1.245568209536229123e-12
1.242641694527715992e-12
1.263403386518184258e-12
1.263403386518184258e-12
3.173961069651834694e-10
1.232668584467721098e-12
1.232668584467721098e-12
1.244389160067609405e-12
1.231847771542012419e-12
1.231847771542012419e-12
1.240136480930293475e-12
1.231010951347986093e-12
1.231010951347986093e-12
1.239301669760267766e-12
1.704045038703455619e-11
1.704045038703455619e-11
1.238449339241513326e-12
1.229797151949045571e-12
1.229797151949045571e-12
2.823255253591805539e-12
1.228570442957504769e-12
1.228570442957504769e-12
1.236864218535927893e-12
1.227752083918678005e-12
1.227752083918678005e-12
1.235977588635927766e-12
1.226916349762443765e-12
1.226916349762443765e-12
1.235142105748451405e-12
2.871238010177788431e-12
2.871238010177788431e-12
1.245568209536229123e-12
1.225353928585949395e-12
1.263403386518184258e-12
1.224510993593491176e-12
1.232668584467721098e-12
1.223698451096730259e-12
1.223698451096730259e-12
1.231847771542012419e-12
1.222868637808323333e-12
1.222868637808323333e-12
1.231010951347986093e-12
1.266493358871532369e-12
1.704045038703455619e-11
1.221273054182464333e-12
1.221273054182464333e-12
1.229797151949045571e-12
1.220483697761486271e-12
1.228570442957504769e-12
1.219677414182395327e-12
1.219677414182395327e-12
1.227752083918678005e-12
1.218853987374092934e-12
1.218853987374092934e-12
1.226916349762443765e-12
2.376237011934430879e-12
2.376237011934430879e-12
2.871238010177788431e-12
1.217275655662603776e-12
1.225353928585949395e-12
1.216483480329154181e-12
1.216483480329154181e-12
1.224510993593491176e-12
1.215680718903984171e-12
1.215680718903984171e-12
1.223698451096730259e-12
1.214861803776129140e-12
1.222868637808323333e-12
1.299078441413295412e-12
1.266493358871532369e-12
1.213296857993107539e-12
1.213296857993107539e-12
1.221273054182464333e-12
1.212512346352199933e-12
1.212512346352199933e-12
1.220483697761486271e-12
1.211712369483424908e-12
1.219677414182395327e-12
1.428793555559682485e-12
1.428793555559682485e-12
1.218853987374092934e-12
1.220809181462505706e-12
1.220809181462505706e-12
2.376237011934430879e-12
1.209350718094932633e-12
1.217275655662603776e-12
1.208568174480556753e-12
1.208568174480556753e-12
1.216483480329154181e-12
1.207769510755735121e-12
1.207769510755735121e-12
1.215680718903984171e-12
9.696193030387451397e-12
9.696193030387451397e-12
1.214861803776129140e-12
1.206268415871435263e-12
1.206268415871435263e-12
1.299078441413295412e-12
1.205431784999093398e-12
1.213296857993107539e-12
1.204649729549343891e-12
1.212512346352199933e-12
1.203850997145429934e-12
1.211712369483424908e-12
2.619050247512483293e-12
1.428793555559682485e-12
1.202347962723224116e-12
1.220809181462505706e-12
1.201541806436682083e-12
1.209350718094932633e-12
1.200760070128515135e-12
1.200760070128515135e-12
1.208568174480556753e-12
1.205455247482324627e-12
1.205455247482324627e-12
1.207769510755735121e-12
1.209312483431826233e-12
9.696193030387451397e-12
1.198445219034340583e-12
1.198445219034340583e-12
1.206268415871435263e-12
1.197677422743318740e-12
1.205431784999093398e-12
1.196894901438133430e-12
1.196894901438133430e-12
1.204649729549343891e-12
1.942052074682517919e-12
1.942052074682517919e-12
1.203850997145429934e-12
1.197695078899495833e-12
1.197695078899495833e-12
2.619050247512483293e-12
1.194616283079966547e-12
1.194616283079966547e-12
1.202347962723224116e-12
1.193858263413889710e-12
1.201541806436682083e-12
1.193083942884703099e-12
1.193083942884703099e-12
1.200760070128515135e-12
3.409227913011619459e-10
3.409227913011619459e-10
1.205455247482324627e-12
1.199838474461202088e-12
1.199838474461202088e-12
1.209312483431826233e-12
1.190815191140865574e-12
1.190815191140865574e-12
1.198445219034340583e-12
1.190062409592874605e-12
1.190062409592874605e-12
1.197677422743318740e-12
1.189293623556286444e-12
1.189293623556286444e-12
1.196894901438133430e-12
2.305384075085074180e-11
2.305384075085074180e-11
1.942052074682517919e-12
1.187926073774841635e-12
1.187926073774841635e-12
1.197695078899495833e-12
1.187040465992007603e-12
1.187040465992007603e-12
1.194616283079966547e-12
1.186291546693373040e-12
1.193858263413889710e-12
1.185526654881512462e-12
1.185526654881512462e-12
1.193083942884703099e-12
6.788145626683678445e-11
6.788145626683678445e-11
3.409227913011619459e-10
1.185907436669461266e-12
1.185907436669461266e-12
1.199838474461202088e-12
1.183293394898586365e-12
1.183293394898586365e-12
1.190815191140865574e-12
1.182548301740076678e-12
1.182548301740076678e-12
1.190062409592874605e-12
1.181787237364251681e-12
1.181787237364251681e-12
1.189293623556286444e-12
5.894836315553255154e-12
5.894836315553255154e-12
2.305384075085074180e-11
1.180457473542363526e-12
1.180457473542363526e-12
1.187926073774841635e-12
1.179574551473923763e-12
1.179574551473923763e-12
1.187040465992007603e-12
1.178833809247416695e-12
1.178833809247416695e-12
1.186291546693373040e-12
1.178077181471195642e-12
1.178077181471195642e-12
1.185526654881512462e-12
5.849151118167407982e-12
5.849151118167407982e-12
6.788145626683678445e-11
1.177353995564619098e-12
1.177353995564619098e-12
1.185907436669461266e-12
1.175893512132264256e-12
1.175893512132264256e-12
1.183293394898586365e-12
1.175166479235859555e-12
1.182548301740076678e-12
1.174423610766099203e-12
1.174423610766099203e-12
1.181787237364251681e-12
1.173684801145317434e-12
1.173684801145317434e-12
5.894836315553255154e-12
1.181095628241586711e-12
1.181095628241586711e-12
1.180457473542363526e-12
1.172237230735459205e-12
1.179574551473923763e-12
1.171518762160797922e-12
1.178833809247416695e-12
1.170787595218954352e-12
1.170787595218954352e-12
1.178077181471195642e-12
1.170040768350424478e-12
5.849151118167407982e-12
2.821661675145702203e-12
2.821661675145702203e-12
1.177353995564619098e-12
1.168719338989073851e-12
1.168719338989073851e-12
1.175893512132264256e-12
1.167890629295021373e-12
1.167890629295021373e-12
1.175166479235859555e-12
1.167167331464992075e-12
1.167167331464992075e-12
1.174423610766099203e-12
1.166428471931057375e-12
1.166428471931057375e-12
1.173684801145317434e-12
2.341357565271938211e-12
1.181095628241586711e-12
1.164989896308260422e-12
1.164989896308260422e-12
1.172237230735459205e-12
1.164286973592152280e-12
1.171518762160797922e-12
1.163570305057021010e-12
1.163570305057021010e-12
1.170787595218954352e-12
1.162838174058158823e-12
1.170040768350424478e-12
2.234020133172609599e-11
2.821661675145702203e-12
1.161430893266576688e-12
1.168719338989073851e-12
1.160706109657331207e-12
1.167890629295021373e-12
1.159993256751034414e-12
1.159993256751034414e-12
1.167167331464992075e-12
1.159265061755994402e-12
1.159265061755994402e-12
1.166428471931057375e-12
1.112938050834267776e-11
1.112938050834267776e-11
2.341357565271938211e-12
1.157914781615676833e-12
1.164989896308260422e-12
1.157149109541058288e-12
1.157149109541058288e-12
1.164286973592152280e-12
1.156438784169422063e-12
1.156438784169422063e-12
1.163570305057021010e-12
1.155713222609617842e-12
1.155713222609617842e-12
1.162838174058158823e-12
1.764616706738284882e-12
2.234020133172609599e-11
1.154419914083671000e-12
1.154419914083671000e-12
1.161430893266576688e-12
1.153621377849319820e-12
1.153621377849319820e-12
1.160706109657331207e-12
1.152916707277313706e-12
1.152916707277313706e-12
1.159993256751034414e-12
1.152196900456771624e-12
1.152196900456771624e-12
1.159265061755994402e-12
4.077760689317942429e-12
4.077760689317942429e-12
1.112938050834267776e-11
1.150913003397439293e-12
1.150913003397439293e-12
1.157914781615676833e-12
1.150115442578283663e-12
1.150115442578283663e-12
1.157149109541058288e-12
1.149413902544759233e-12
1.149413902544759233e-12
1.156438784169422063e-12
1.148697335990434177e-12
1.148697335990434177e-12
1.155713222609617842e-12
2.334625279105870326e-12
2.334625279105870326e-12
1.764616706738284882e-12
1.147336050182020102e-12
1.147336050182020102e-12
1.154419914083671000e-12
1.146636012061762872e-12
1.146636012061762872e-12
1.153621377849319820e-12
1.145939023768528507e-12
1.145939023768528507e-12
1.152916707277313706e-12
1.145227110103155830e-12
1.152196900456771624e-12
1.233051758329208827e-12
4.077760689317942429e-12
1.143871661036415586e-12
1.143871661036415586e-12
1.150913003397439293e-12
1.143189455437104801e-12
1.143189455437104801e-12
1.150115442578283663e-12
1.142503074533768197e-12
1.149413902544759233e-12
1.141801840751735938e-12
1.148697335990434177e-12
1.219593890621606464e-10
2.334625279105870326e-12
1.143284267503810394e-12
1.143284267503810394e-12
1.147336050182020102e-12
1.139767210300932168e-12
1.139767210300932168e-12
1.146636012061762872e-12
1.139093714837112052e-12
1.139093714837112052e-12
1.145939023768528507e-12
1.138405512111644587e-12
1.138405512111644587e-12
1.145227110103155830e-12
1.137702610665243106e-12
1.137702610665243106e-12
1.233051758329208827e-12
1.399992157303244074e-12
1.399992157303244074e-12
1.143871661036415586e-12
1.136364236231565422e-12
1.136364236231565422e-12
1.143189455437104801e-12
1.135700326335670389e-12
1.135700326335670389e-12
1.142503074533768197e-12
1.135022367735015561e-12
1.135022367735015561e-12
1.141801840751735938e-12
1.134329778135737038e-12
1.134329778135737038e-12
1.219593890621606464e-10
1.662358323515739622e-11
1.662358323515739622e-11
1.143284267503810394e-12
1.133222167338021811e-12
1.133222167338021811e-12
1.139767210300932168e-12
1.132325543553368642e-12
1.132325543553368642e-12
1.139093714837112052e-12
1.131655057442093501e-12
1.131655057442093501e-12
1.138405512111644587e-12
1.130970025891475518e-12
1.130970025891475518e-12
1.137702610665243106e-12
3.940182038319318119e-11
3.940182038319318119e-11
1.399992157303244074e-12
1.132030163442891858e-12
1.132030163442891858e-12
1.136364236231565422e-12
1.128971529653421319e-12
1.128971529653421319e-12
1.135700326335670389e-12
1.128306341724330580e-12
1.128306341724330580e-12
1.135022367735015561e-12
1.127626713037492140e-12
1.127626713037492140e-12
1.134329778135737038e-12
6.734892415198504579e-11
6.734892415198504579e-11
1.662358323515739622e-11
1.129037278158187944e-12
1.129037278158187944e-12
1.133222167338021811e-12
1.125638151746784300e-12
1.125638151746784300e-12
1.132325543553368642e-12
1.124975832279525364e-12
1.131655057442093501e-12
1.124299223293503700e-12
1.124299223293503700e-12
1.130970025891475518e-12
6.751956147330054084e-12
6.751956147330054084e-12
3.940182038319318119e-11
1.123022174546969817e-12
1.123022174546969817e-12
1.132030163442891858e-12
1.122328638284631647e-12
1.122328638284631647e-12
1.128971529653421319e-12
1.121670466372865959e-12
1.121670466372865959e-12
1.128306341724330580e-12
1.120998033501151887e-12
1.120998033501151887e-12
1.127626713037492140e-12
1.911796651940001228e-11
1.911796651940001228e-11
6.734892415198504579e-11
1.120147033028293854e-12
1.120147033028293854e-12
1.129037278158187944e-12
1.119042515665507802e-12
1.119042515665507802e-12
1.125638151746784300e-12
1.118389118960947151e-12
1.118389118960947151e-12
1.124975832279525364e-12
1.117721560475102150e-12
1.117721560475102150e-12
1.124299223293503700e-12
5.311118180824807811e-11
6.751956147330054084e-12
1.117054051891922899e-12
1.123022174546969817e-12
1.115781819192429705e-12
1.122328638284631647e-12
1.115136217978408985e-12
1.115136217978408985e-12
1.121670466372865959e-12
1.114476549537956964e-12
1.114476549537956964e-12
1.120998033501151887e-12
4.879055959368613708e-11
4.879055959368613708e-11
1.911796651940001228e-11
1.118365065675488803e-12
1.118365065675488803e-12
1.120147033028293854e-12
1.112541801026919944e-12
1.112541801026919944e-12
1.119042515665507802e-12
1.111902257979935996e-12
1.111902257979935996e-12
1.118389118960947151e-12
1.111249159320107151e-12
1.111249159320107151e-12
1.117721560475102150e-12
1.112222445002945254e-12
5.311118180824807811e-11
1.134212293363587890e-12
1.134212293363587890e-12
1.117054051891922899e-12
1.109324749227012923e-12
1.109324749227012923e-12
1.115781819192429705e-12
1.108690213578381103e-12
1.115136217978408985e-12
1.108043889719599844e-12
1.108043889719599844e-12
1.114476549537956964e-12
1.107384183934431373e-12
1.107384183934431373e-12
4.879055959368613708e-11
1.361555979181042976e-12
1.361555979181042976e-12
1.118365065675488803e-12
1.106128529177307744e-12
1.112541801026919944e-12
1.105495464639598470e-12
1.105495464639598470e-12
1.111902257979935996e-12
1.104853316495469339e-12
1.104853316495469339e-12
1.111249159320107151e-12
1.104201119004710963e-12
1.104201119004710963e-12
1.112222445002945254e-12
1.105115234490471683e-12
1.105115234490471683e-12
1.134212293363587890e-12
1.102949287481404444e-12
1.109324749227012923e-12
1.102318931681960624e-12
1.108690213578381103e-12
1.101679073626374583e-12
1.101679073626374583e-12
1.108043889719599844e-12
1.172562504564621357e-12
1.107384183934431373e-12
1.135434788495332210e-12
1.361555979181042976e-12
1.099786061148669052e-12
1.099786061148669052e-12
1.106128529177307744e-12
1.099160371402268750e-12
1.099160371402268750e-12
1.105495464639598470e-12
1.098521170323211007e-12
1.098521170323211007e-12
1.104853316495469339e-12
2.816738430176020838e-11
2.816738430176020838e-11
1.098026415996424662e-12
1.098026415996424662e-12
1.104201119004710963e-12
1.096649375921721157e-12
1.105115234490471683e-12
1.096026743765358846e-12
1.096026743765358846e-12
1.102949287481404444e-12
1.095390675359933453e-12
1.095390675359933453e-12
1.102318931681960624e-12
3.483182951895384403e-12
1.101679073626374583e-12
1.094242464085603047e-12
1.094242464085603047e-12
1.093532910124745571e-12
1.093532910124745571e-12
1.135434788495332210e-12
1.092913207861242283e-12
1.092913207861242283e-12
1.099786061148669052e-12
1.092280044175077829e-12
1.092280044175077829e-12
1.099160371402268750e-12
6.186443605666479314e-12
6.186443605666479314e-12
1.098521170323211007e-12
1.091056433130762899e-12
2.816738430176020838e-11
1.090434807493518000e-12
1.090434807493518000e-12
1.098026415996424662e-12
1.089816079140501883e-12
1.089816079140501883e-12
1.096649375921721157e-12
1.089183977587301284e-12
1.089183977587301284e-12
1.096026743765358846e-12
2.494552970234620376e-12
1.095390675359933453e-12
1.088006185985536449e-12
1.088006185985536449e-12
3.483182951895384403e-12
1.087354617748478600e-12
1.087354617748478600e-12
1.094242464085603047e-12
1.086735707892215662e-12
1.086735707892215662e-12
1.093532910124745571e-12
1.087368259267652258e-12
1.087368259267652258e-12
1.092913207861242283e-12
1.099595548468065682e-12
1.099595548468065682e-12
1.092280044175077829e-12
1.084900925659615026e-12
1.084900925659615026e-12
6.186443605666479314e-12
1.084293366066151659e-12
1.084293366066151659e-12
1.091056433130762899e-12
1.083674426714961187e-12
1.090434807493518000e-12
3.976508350589641373e-10
3.976508350589641373e-10
1.089816079140501883e-12
1.085235734809587476e-12
1.089183977587301284e-12
1.081863357825731726e-12
2.494552970234620376e-12
1.081264930979056746e-12
1.081264930979056746e-12
1.088006185985536449e-12
1.080653319552199740e-12
1.080653319552199740e-12
1.087354617748478600e-12
1.080224685711506567e-12
1.080224685711506567e-12
1.086735707892215662e-12
1.155599752094417777e-12
1.155599752094417777e-12
1.087368259267652258e-12
1.078847194525750202e-12
1.099595548468065682e-12
1.078253124544174168e-12
1.084900925659615026e-12
1.077647502762530132e-12
1.077647502762530132e-12
1.084293366066151659e-12
1.077028840141519337e-12
1.083674426714961187e-12
2.007421004376927776e-12
2.007421004376927776e-12
3.976508350589641373e-10
1.075850041706951866e-12
1.085235734809587476e-12
1.075268042173001370e-12
1.075268042173001370e-12
1.081863357825731726e-12
1.074673789683390957e-12
1.074673789683390957e-12
1.081264930979056746e-12
1.074066541110950040e-12
1.080653319552199740e-12
6.886631966263419384e-12
6.886631966263419384e-12
1.080224685711506567e-12
1.073029665601259383e-12
1.073029665601259383e-12
1.155599752094417777e-12
1.072294305484869979e-12
1.078847194525750202e-12
1.071706731900003428e-12
1.071706731900003428e-12
1.078253124544174168e-12
1.071106340459265877e-12
1.077647502762530132e-12
1.374948966904811402e-12
1.374948966904811402e-12
1.077028840141519337e-12
1.082748985735658314e-12
1.082748985735658314e-12
2.007421004376927776e-12
1.069337620590060046e-12
1.075850041706951866e-12
1.068753655926803364e-12
1.068753655926803364e-12
1.075268042173001370e-12
1.068157629669941455e-12
1.074673789683390957e-12
1.182099783368609333e-12
1.182099783368609333e-12
1.074066541110950040e-12
1.067009559685875277e-12
1.067009559685875277e-12
6.886631966263419384e-12
1.066396545201429147e-12
1.066396545201429147e-12
1.073029665601259383e-12
1.065815401586608920e-12
1.065815401586608920e-12
1.072294305484869979e-12
1.065221557807943458e-12
1.065221557807943458e-12
1.071706731900003428e-12
1.779044301267726529e-10
1.779044301267726529e-10
1.071106340459265877e-12
1.070185161618147860e-12
1.374948966904811402e-12
1.063475422856911967e-12
1.063475422856911967e-12
1.082748985735658314e-12
1.062896883308046227e-12
1.069337620590060046e-12
1.062305995836388262e-12
1.062305995836388262e-12
1.068753655926803364e-12
1.565212789771153386e-10
1.565212789771153386e-10
1.068157629669941455e-12
1.062522400028133201e-12
1.062522400028133201e-12
1.182099783368609333e-12
1.060571301434103926e-12
1.060571301434103926e-12
1.067009559685875277e-12
1.059994884404450439e-12
1.059994884404450439e-12
1.066396545201429147e-12
1.059406032716030574e-12
1.059406032716030574e-12
1.065815401586608920e-12
3.635687775677931379e-11
1.065221557807943458e-12
1.058318074904904297e-12
1.779044301267726529e-10
1.057684125140085289e-12
1.057684125140085289e-12
1.070185161618147860e-12
1.057108770117451552e-12
1.057108770117451552e-12
1.063475422856911967e-12
1.056520929753047002e-12
1.056520929753047002e-12
1.062896883308046227e-12
1.122727144886884153e-11
1.062305995836388262e-12
1.055567805967211728e-12
1.055567805967211728e-12
1.565212789771153386e-10
1.054820326719344712e-12
1.062522400028133201e-12
1.054250861385215968e-12
1.060571301434103926e-12
1.053668931740669445e-12
1.053668931740669445e-12
1.059994884404450439e-12
2.451704343774969815e-11
1.059406032716030574e-12
1.053239230004424955e-12
3.635687775677931379e-11
1.051971369082816798e-12
1.051971369082816798e-12
1.058318074904904297e-12
1.051405116674756384e-12
1.051405116674756384e-12
1.057684125140085289e-12
1.050826486978621626e-12
1.050826486978621626e-12
1.057108770117451552e-12
3.898875348846612337e-11
1.056520929753047002e-12
1.050291390079936096e-12
1.122727144886884153e-11
1.049142443189738725e-12
1.049142443189738725e-12
1.055567805967211728e-12
1.048581747669018929e-12
1.048581747669018929e-12
1.054820326719344712e-12
1.048008723375528718e-12
1.048008723375528718e-12
1.054250861385215968e-12
1.131567946196899920e-10
1.131567946196899920e-10
1.053668931740669445e-12
1.052726042314601154e-12
1.052726042314601154e-12
2.451704343774969815e-11
1.046329347322893232e-12
1.053239230004424955e-12
1.045772359425446047e-12
1.045772359425446047e-12
1.051971369082816798e-12
1.045203302433528725e-12
1.045203302433528725e-12
1.051405116674756384e-12
1.507707050350684754e-12
1.507707050350684754e-12
1.050826486978621626e-12
1.045866409504468218e-12
1.045866409504468218e-12
3.898875348846612337e-11
1.043531465958683806e-12
1.050291390079936096e-12
1.042976502506862595e-12
1.042976502506862595e-12
1.049142443189738725e-12
1.042409452513419678e-12
1.042409452513419678e-12
5.234427370141419328e-11
5.234427370141419328e-11
1.048581747669018929e-12
1.043919945534720756e-12
1.043919945534720756e-12
1.048008723375528718e-12
1.040753455740133382e-12
1.131567946196899920e-10
1.040203560118181881e-12
1.040203560118181881e-12
1.052726042314601154e-12
1.046329347322893232e-12
1.039641623587884686e-12
3.539197111582533502e-10
3.539197111582533502e-10
1.045772359425446047e-12
1.046104234698484242e-12
1.046104234698484242e-12
1.045203302433528725e-12
1.037990201802282785e-12
1.037990201802282785e-12
1.507707050350684754e-12
1.037442991116320121e-12
1.045866409504468218e-12
1.036883780902357236e-12
1.043531465958683806e-12
1.094702577513948741e-12
1.042976502506862595e-12
1.038132144863991319e-12
1.042409452513419678e-12
1.035242260684248116e-12
1.035242260684248116e-12
5.234427370141419328e-11
1.034696181790995952e-12
1.043919945534720756e-12
1.034138206932849762e-12
1.034138206932849762e-12
1.040753455740133382e-12
1.979637409357249598e-11
1.979637409357249598e-11
1.040203560118181881e-12
1.033625010799035405e-12
1.033625010799035405e-12
1.039641623587884686e-12
1.032509428082927267e-12
1.032509428082927267e-12
3.539197111582533502e-10
1.031963731371556080e-12
1.031963731371556080e-12
1.046104234698484242e-12
1.031406162345169551e-12
1.031406162345169551e-12
1.037990201802282785e-12
2.616880215108667315e-12
1.037442991116320121e-12
1.030367536207946885e-12
1.030367536207946885e-12
1.036883780902357236e-12
1.029792095132792533e-12
1.029792095132792533e-12
1.094702577513948741e-12
1.029246643552451017e-12
1.038132144863991319e-12
1.028690003426230496e-12
1.028690003426230496e-12
1.035242260684248116e-12
1.096258324792298359e-12
1.034696181790995952e-12
1.027631528009013070e-12
1.034138206932849762e-12
1.027096354179853747e-12
1.979637409357249598e-11
1.026555061327831351e-12
1.026555061327831351e-12
1.033625010799035405e-12
1.026002051563119975e-12
1.026002051563119975e-12
1.032509428082927267e-12
1.205432833680727041e-12
1.205432833680727041e-12
1.031963731371556080e-12
1.024953785822002488e-12
1.024953785822002488e-12
1.031406162345169551e-12
1.024414585174760459e-12
1.024414585174760459e-12
2.616880215108667315e-12
1.023876050718832288e-12
1.023876050718832288e-12
1.030367536207946885e-12
1.023326617122464700e-12
1.023326617122464700e-12
1.029792095132792533e-12
1.209724610973781144e-12
1.209724610973781144e-12
1.029246643552451017e-12
1.022274778871525532e-12
1.022274778871525532e-12
1.028690003426230496e-12
1.021746980970635538e-12
1.021746980970635538e-12
1.096258324792298359e-12
1.021210087741550368e-12
1.027631528009013070e-12
1.024809141282385395e-12
1.027096354179853747e-12
1.075398881212347331e-12
1.075398881212347331e-12
1.026555061327831351e-12
1.019619747607684120e-12
1.019619747607684120e-12
1.026002051563119975e-12
1.019093375534989544e-12
1.019093375534989544e-12
1.205432833680727041e-12
1.018557188432863483e-12
1.018557188432863483e-12
1.024953785822002488e-12
2.661074496951809981e-11
2.661074496951809981e-11
1.024414585174760459e-12
1.020958816057942765e-12
1.020958816057942765e-12
1.023876050718832288e-12
1.016983276581853520e-12
1.016983276581853520e-12
1.023326617122464700e-12
1.016464620197191996e-12
1.016464620197191996e-12
1.209724610973781144e-12
1.015934504556498420e-12
1.022274778871525532e-12
1.015400744473480437e-12
1.015400744473480437e-12
1.021746980970635538e-12
1.014943417450264866e-12
1.014943417450264866e-12
1.021210087741550368e-12
1.014367282235623357e-12
1.014367282235623357e-12
1.024809141282385395e-12
1.013848155176297666e-12
1.013848155176297666e-12
1.075398881212347331e-12
1.013322515700882013e-12
1.019619747607684120e-12
1.012785472753325740e-12
1.012785472753325740e-12
1.019093375534989544e-12
1.292017692922785928e-12
1.292017692922785928e-12
1.018557188432863483e-12
1.011759253032349304e-12
2.661074496951809981e-11
1.011244869854100955e-12
1.020958816057942765e-12
1.010722458376564995e-12
1.010722458376564995e-12
1.016983276581853520e-12
1.010188680298705951e-12
1.016464620197191996e-12
1.366192928570372572e-12
1.015934504556498420e-12
1.009180021662972424e-12
1.015400744473480437e-12
1.008658159682871649e-12
1.014943417450264866e-12
1.008139976993955590e-12
1.014367282235623357e-12
1.007610479384403241e-12
1.007610479384403241e-12
1.013848155176297666e-12
1.446887830297904076e-12
1.446887830297904076e-12
1.013322515700882013e-12
1.006650709557294434e-12
1.006650709557294434e-12
1.012785472753325740e-12
1.006087411888307538e-12
1.292017692922785928e-12
1.005574410164729633e-12
1.005574410164729633e-12
1.011759253032349304e-12
1.005050144427680163e-12
1.005050144427680163e-12
1.011244869854100955e-12
3.050856979127628488e-12
3.050856979127628488e-12
1.010722458376564995e-12
1.004162245240226576e-12
1.004162245240226576e-12
1.010188680298705951e-12
1.003530242337975639e-12
1.366192928570372572e-12
1.003021640590983550e-12
1.009180021662972424e-12
1.002501835647010082e-12
1.002501835647010082e-12
1.008658159682871649e-12
3.183412003568546511e-11
1.008139976993955590e-12
1.002199194847104277e-12
1.007610479384403241e-12
1.000985247105874209e-12
1.000985247105874209e-12
1.446887830297904076e-12
1.000478883517384408e-12
1.000478883517384408e-12
1.006650709557294434e-12
9.999613808399709546e-13
9.999613808399709546e-13
1.006087411888307538e-12
7.452137920548953851e-12
1.005574410164729633e-12
9.993589823126349813e-13
9.993589823126349813e-13
1.005050144427680163e-12
9.984538149934917614e-13
9.984538149934917614e-13
3.050856979127628488e-12
9.979488895261887733e-13
9.979488895261887733e-13
1.004162245240226576e-12
9.974328852898654642e-13
1.003530242337975639e-12
4.343544975499970028e-12
4.343544975499970028e-12
1.003021640590983550e-12
9.965066765581876060e-13
1.002501835647010082e-12
9.959356171775623616e-13
3.183412003568546511e-11
9.954314247384676895e-13
1.002199194847104277e-12
9.949162500477432470e-13
1.000985247105874209e-12
1.427860147800417722e-12
1.427860147800417722e-12
1.000478883517384408e-12
9.939234438857069348e-13
9.939234438857069348e-13
9.999613808399709546e-13
9.934297222219510527e-13
9.934297222219510527e-13
7.452137920548953851e-12
9.929252352380012756e-13
9.929252352380012756e-13
9.993589823126349813e-13
1.804869033338981436e-12
1.804869033338981436e-12
9.984538149934917614e-13
9.925147810247878726e-13
9.979488895261887733e-13
9.914306421105598482e-13
9.914306421105598482e-13
9.974328852898654642e-13
9.909357070387942235e-13
4.343544975499970028e-12
9.904301873652555484e-13
9.965066765581876060e-13
4.636360905755252052e-12
9.959356171775623616e-13
9.901024742211595789e-13
9.954314247384676895e-13
9.889526108230862239e-13
9.949162500477432470e-13
9.884592385786717662e-13
9.879550229097581308e-13
9.879550229097581308e-13
1.427860147800417722e-12
1.331976527231385900e-12
1.331976527231385900e-12
9.939234438857069348e-13
9.871417135285937920e-13
9.934297222219510527e-13
9.864869408072979257e-13
9.929252352380012756e-13
9.859935065061803466e-13
1.804869033338981436e-12
9.854892793100462506e-13
9.854892793100462506e-13
9.925147810247878726e-13
1.002701193075736973e-12
9.914306421105598482e-13
9.845206291429691226e-13
9.845206291429691226e-13
9.909357070387942235e-13
9.840359931091028697e-13
9.840359931091028697e-13
9.904301873652555484e-13
9.835437025488475842e-13
9.835437025488475842e-13
4.636360905755252052e-12
9.830751889269553566e-13
9.901024742211595789e-13
1.090566661785539668e-12
1.090566661785539668e-12
9.889526108230862239e-13
9.820789507950996882e-13
9.820789507950996882e-13
9.884592385786717662e-13
9.815968723435861943e-13
9.815968723435861943e-13
9.879550229097581308e-13
9.811047503453285645e-13
9.811047503453285645e-13
1.331976527231385900e-12
2.070900829003800363e-10
2.070900829003800363e-10
9.871417135285937920e-13
9.811525152589387049e-13
9.811525152589387049e-13
9.864869408072979257e-13
9.796511855472839063e-13
9.796511855472839063e-13
9.859935065061803466e-13
9.791690179269829534e-13
9.854892793100462506e-13
9.786761942386250895e-13
9.786761942386250895e-13
1.002701193075736973e-12
1.072205437477239653e-11
1.072205437477239653e-11
9.845206291429691226e-13
9.777256747606867558e-13
9.777256747606867558e-13
9.840359931091028697e-13
9.772356610485901478e-13
9.772356610485901478e-13
9.835437025488475842e-13
9.767521609625514340e-13
9.767521609625514340e-13
9.830751889269553566e-13
9.762586054944554554e-13
9.762586054944554554e-13
1.090566661785539668e-12
1.156269746494875607e-12
1.156269746494875607e-12
9.820789507950996882e-13
9.753097325969825025e-13
9.753097325969825025e-13
9.815968723435861943e-13
9.748309833483875353e-13
9.748309833483875353e-13
9.811047503453285645e-13
9.743455654414486506e-13
2.070900829003800363e-10
2.606888969444110620e-11
2.606888969444110620e-11
9.811525152589387049e-13
9.741332529651313625e-13
9.741332529651313625e-13
9.796511855472839063e-13
9.729145037571358426e-13
9.729145037571358426e-13
9.791690179269829534e-13
9.724378479970792993e-13
9.724378479970792993e-13
9.786761942386250895e-13
9.719506942085481684e-13
9.719506942085481684e-13
1.072205437477239653e-11
1.790429569992993390e-12
9.777256747606867558e-13
9.710530789781231524e-13
9.710530789781231524e-13
9.772356610485901478e-13
9.705337859653441594e-13
9.705337859653441594e-13
9.767521609625514340e-13
9.700549008265736494e-13
9.762586054944554554e-13
4.213558590150320270e-12
1.156269746494875607e-12
9.759733829012193762e-13
9.753097325969825025e-13
9.686345318407279991e-13
9.748309833483875353e-13
9.681636760598678592e-13
9.681636760598678592e-13
9.743455654414486506e-13
9.676825087468469058e-13
9.676825087468469058e-13
2.606888969444110620e-11
1.333014414391763590e-12
1.333014414391763590e-12
9.741332529651313625e-13
9.667412475839341658e-13
9.667412475839341658e-13
9.729145037571358426e-13
9.662768650477574889e-13
9.662768650477574889e-13
9.724378479970792993e-13
9.658034100659696874e-13
9.658034100659696874e-13
9.719506942085481684e-13
9.940202399397750481e-13
9.940202399397750481e-13
1.790429569992993390e-12
1.004078599137441966e-12
1.004078599137441966e-12
9.710530789781231524e-13
9.643967796777501531e-13
9.643967796777501531e-13
9.705337859653441594e-13
9.639300685446885138e-13
9.639300685446885138e-13
9.700549008265736494e-13
9.634543503700641535e-13
9.634543503700641535e-13
4.213558590150320270e-12
7.236649547611795084e-12
9.759733829012193762e-13
9.628841988879174968e-13
9.628841988879174968e-13
9.686345318407279991e-13
9.620610345326798235e-13
9.681636760598678592e-13
9.615929643282917401e-13
9.615929643282917401e-13
9.676825087468469058e-13
9.612997868969199344e-13
9.612997868969199344e-13
1.333014414391763590e-12
1.008359746074710141e-12
9.667412475839341658e-13
9.601988555711224448e-13
9.601988555711224448e-13
9.662768650477574889e-13
9.597377513939661634e-13
9.658034100659696874e-13
9.592677611687236191e-13
9.592677611687236191e-13
9.940202399397750481e-13
2.830223549769571049e-11
2.830223549769571049e-11
1.004078599137441966e-12
9.586176357009549278e-13
9.586176357009549278e-13
9.643967796777501531e-13
9.578869760728556187e-13
9.578869760728556187e-13
9.639300685446885138e-13
9.574254632320422170e-13
9.634543503700641535e-13
9.569538043305524835e-13
7.236649547611795084e-12
9.712509244356039802e-13
9.712509244356039802e-13
9.628841988879174968e-13
9.560624906588877392e-13
9.620610345326798235e-13
9.555869538272211361e-13
9.555869538272211361e-13
9.615929643282917401e-13
9.551236796662665676e-13
9.551236796662665676e-13
9.612997868969199344e-13
1.138407910655429893e-10
1.138407910655429893e-10
1.008359746074710141e-12
9.650764597495751283e-13
9.650764597495751283e-13
9.601988555711224448e-13
9.537519530987887818e-13
9.537519530987887818e-13
9.597377513939661634e-13
9.532965736391201026e-13
9.532965736391201026e-13
9.592677611687236191e-13
9.528311353782283543e-13
2.830223549769571049e-11
1.049525549021070648e-12
1.049525549021070648e-12
9.586176357009549278e-13
9.519218003446460099e-13
9.519218003446460099e-13
9.578869760728556187e-13
9.514739179082532783e-13
9.514739179082532783e-13
9.574254632320422170e-13
9.510164556899737795e-13
9.510164556899737795e-13
9.569538043305524835e-13
9.515011327648378898e-13
9.515011327648378898e-13
9.712509244356039802e-13
9.502487503314665795e-13
9.560624906588877392e-13
9.496576788265662765e-13
9.555869538272211361e-13
9.492101072114746897e-13
9.492101072114746897e-13
9.551236796662665676e-13
9.487530252645419936e-13
9.487530252645419936e-13
1.138407910655429893e-10
2.513321395882827092e-10
2.513321395882827092e-10
9.650764597495751283e-13
9.571075741767874327e-13
9.537519530987887818e-13
9.474046268675432245e-13
9.532965736391201026e-13
9.469581411431867221e-13
9.469581411431867221e-13
9.528311353782283543e-13
9.465017052520926526e-13
9.465017052520926526e-13
1.049525549021070648e-12
9.597231740198227701e-13
9.597231740198227701e-13
9.519218003446460099e-13
9.472535630721976089e-13
9.514739179082532783e-13
9.451631050432228109e-13
9.510164556899737795e-13
9.447167553077231252e-13
9.447167553077231252e-13
9.515011327648378898e-13
9.442605124245334514e-13
9.442605124245334514e-13
9.502487503314665795e-13
6.413667853004196841e-12
9.496576788265662765e-13
9.434066501565713966e-13
9.434066501565713966e-13
9.492101072114746897e-13
9.429324213254327792e-13
9.429324213254327792e-13
9.487530252645419936e-13
9.424859965396458812e-13
9.424859965396458812e-13
2.513321395882827092e-10
9.420297693647747712e-13
9.571075741767874327e-13
1.326773024575992731e-12
1.326773024575992731e-12
9.474046268675432245e-13
9.411496896954957790e-13
9.469581411431867221e-13
9.407118362851861015e-13
9.465017052520926526e-13
9.402647699444958590e-13
9.402647699444958590e-13
9.597231740198227701e-13
9.812029164032752413e-13
9.472535630721976089e-13
9.422092064529642196e-13
9.422092064529642196e-13
9.451631050432228109e-13
9.389430274798147398e-13
9.389430274798147398e-13
9.447167553077231252e-13
9.385066570014230004e-13
9.385066570014230004e-13
9.442605124245334514e-13
9.380617576450047091e-13
9.380617576450047091e-13
6.413667853004196841e-12
1.256348068319302130e-12
9.434066501565713966e-13
9.613521908504787020e-13
9.613521908504787020e-13
9.429324213254327792e-13
9.367458749191001445e-13
9.367458749191001445e-13
9.424859965396458812e-13
9.363109581555329445e-13
9.420297693647747712e-13
9.358672009183313611e-13
9.358672009183313611e-13
1.326773024575992731e-12
1.096472162534862541e-11
9.411496896954957790e-13
9.523093666538639931e-13
9.407118362851861015e-13
9.345625422158237785e-13
9.345625422158237785e-13
9.402647699444958590e-13
9.341331082732966574e-13
9.341331082732966574e-13
9.812029164032752413e-13
9.336943000003813706e-13
9.336943000003813706e-13
9.422092064529642196e-13
9.332467194539210187e-13
9.332467194539210187e-13
9.389430274798147398e-13
9.628331919020410237e-13
9.385066570014230004e-13
9.323923028773487132e-13
9.323923028773487132e-13
9.380617576450047091e-13
9.319634972985658483e-13
1.256348068319302130e-12
9.315281846583469545e-13
9.315281846583469545e-13
9.613521908504787020e-13
9.310832723799227563e-13
9.310832723799227563e-13
9.367458749191001445e-13
1.376547512192348997e-12
1.376547512192348997e-12
9.363109581555329445e-13
9.302352926311560204e-13
9.302352926311560204e-13
9.358672009183313611e-13
9.298020489008628678e-13
9.298020489008628678e-13
1.096472162534862541e-11
9.293683436341635741e-13
9.293683436341635741e-13
9.523093666538639931e-13
9.289253776875929290e-13
9.345625422158237785e-13
9.363661172872861414e-13
9.341331082732966574e-13
9.280747021501911664e-13
9.280747021501911664e-13
9.336943000003813706e-13
9.276505692800754670e-13
9.276505692800754670e-13
9.332467194539210187e-13
9.272178739070332374e-13
9.272178739070332374e-13
9.628331919020410237e-13
9.269502048046924393e-13
9.269502048046924393e-13
9.323923028773487132e-13
9.753309131117519303e-13
9.319634972985658483e-13
9.259352934394739545e-13
9.259352934394739545e-13
9.315281846583469545e-13
9.255106900303565550e-13
9.255106900303565550e-13
9.310832723799227563e-13
9.250795924155267440e-13
9.250795924155267440e-13
1.376547512192348997e-12
9.421136445129109352e-13
9.302352926311560204e-13
9.498851016590594567e-13
9.498851016590594567e-13
9.238024490517862256e-13
9.298020489008628678e-13
9.293683436341635741e-13
9.233802458115235027e-13
9.233802458115235027e-13
9.289253776875929290e-13
9.229500004255569806e-13
9.229500004255569806e-13
9.363661172872861414e-13
3.097936894438736735e-10
3.097936894438736735e-10
9.280747021501911664e-13
9.313965088715387759e-13
9.276505692800754670e-13
9.216795811461463504e-13
9.216795811461463504e-13
9.272178739070332374e-13
9.212582277154332543e-13
9.212582277154332543e-13
9.269502048046924393e-13
9.208277331102939860e-13
9.208277331102939860e-13
1.695187852462816436e-11
9.753309131117519303e-13
9.259352934394739545e-13
9.200115545193510779e-13
9.200115545193510779e-13
9.255106900303565550e-13
9.195705338184769774e-13
9.195705338184769774e-13
9.250795924155267440e-13
9.191520906488519948e-13
9.191520906488519948e-13
9.421136445129109352e-13
9.187243235114808335e-13
9.187243235114808335e-13
9.498851016590594567e-13
5.807411501195694430e-11
5.807411501195694430e-11
9.238024490517862256e-13
9.217803265057269280e-13
9.217803265057269280e-13
9.174743875228121263e-13
9.174743875228121263e-13
9.233802458115235027e-13
9.170612312356833090e-13
9.170612312356833090e-13
9.229500004255569806e-13
9.166387829413005375e-13
9.166387829413005375e-13
3.097936894438736735e-10
9.166362482552265566e-13
9.166362482552265566e-13
9.313965088715387759e-13
9.977562495114513355e-13
9.977562495114513355e-13
9.216795811461463504e-13
9.153881496627134121e-13
9.153881496627134121e-13
9.212582277154332543e-13
9.149761602918670133e-13
9.208277331102939860e-13
9.145567201998842545e-13
1.695187852462816436e-11
9.141304260020411681e-13
9.141304260020411681e-13
9.200115545193510779e-13
1.005597007888233591e-12
9.195705338184769774e-13
9.133142664466399681e-13
9.191520906488519948e-13
9.129001256047144148e-13
9.129001256047144148e-13
9.187243235114808335e-13
9.124829425055936550e-13
5.807411501195694430e-11
9.120567261936464443e-13
9.217803265057269280e-13
1.205027879286811978e-12
1.205027879286811978e-12
9.174743875228121263e-13
9.112445641798584929e-13
9.112445641798584929e-13
9.170612312356833090e-13
9.108356350413870700e-13
9.108356350413870700e-13
9.166387829413005375e-13
9.104217612230252676e-13
9.166362482552265566e-13
9.099987150564935937e-13
9.099987150564935937e-13
9.977562495114513355e-13
1.757530247331115110e-12
1.757530247331115110e-12
9.153881496627134121e-13
9.091850368860438193e-13
9.149761602918670133e-13
9.087789371592270166e-13
9.087789371592270166e-13
9.145567201998842545e-13
9.083667775365191087e-13
9.083667775365191087e-13
9.141304260020411681e-13
9.079454911237159009e-13
1.005597007888233591e-12
1.125384507375241468e-12
1.125384507375241468e-12
9.133142664466399681e-13
9.071406627469870116e-13
9.071406627469870116e-13
9.129001256047144148e-13
9.067323774960301933e-13
9.067323774960301933e-13
9.124829425055936550e-13
9.063220893770076234e-13
9.120567261936464443e-13
9.059027317802577790e-13
9.059027317802577790e-13
1.205027879286811978e-12
1.132991822888527020e-12
1.132991822888527020e-12
9.112445641798584929e-13
9.050955179933929678e-13
9.050955179933929678e-13
9.108356350413870700e-13
9.046944887906275549e-13
9.046944887906275549e-13
9.104217612230252676e-13
9.042851498326936377e-13
9.042851498326936377e-13
9.099987150564935937e-13
9.038695261939044458e-13
9.038695261939044458e-13
1.757530247331115110e-12
9.948185025466107590e-13
9.091850368860438193e-13
9.030717849405692223e-13
9.030717849405692223e-13
9.087789371592270166e-13
9.026677352473388322e-13
9.026677352473388322e-13
9.083667775365191087e-13
9.022603798145459368e-13
9.022603798145459368e-13
9.079454911237159009e-13
9.018565578249358187e-13
9.018565578249358187e-13
1.125384507375241468e-12
1.048160072030598802e-12
1.048160072030598802e-12
9.071406627469870116e-13
9.010468496697073285e-13
9.067323774960301933e-13
9.006487229783634899e-13
9.006487229783634899e-13
9.063220893770076234e-13
9.002420449878998968e-13
9.002420449878998968e-13
9.059027317802577790e-13
1.168662357608608954e-12
1.168662357608608954e-12
1.132991822888527020e-12
9.011072462296457529e-13
9.050955179933929678e-13
8.990364762799891540e-13
8.990364762799891540e-13
9.046944887906275549e-13
8.986374195141036683e-13
9.042851498326936377e-13
8.982303752848231800e-13
9.038695261939044458e-13
1.106242967630391279e-10
1.106242967630391279e-10
9.948185025466107590e-13
9.007378689625149763e-13
9.007378689625149763e-13
9.030717849405692223e-13
8.970355239139663053e-13
9.026677352473388322e-13
8.966391205240524023e-13
8.966391205240524023e-13
9.022603798145459368e-13
8.962338062300263801e-13
8.962338062300263801e-13
9.018565578249358187e-13
1.209671189429498906e-10
1.209671189429498906e-10
1.048160072030598802e-12
8.954413941156596388e-13
9.010468496697073285e-13
8.950459563068792655e-13
8.950459563068792655e-13
9.006487229783634899e-13
8.946523644731372464e-13
8.946523644731372464e-13
9.002420449878998968e-13
8.942499001643906298e-13
8.942499001643906298e-13
1.168662357608608954e-12
3.032405860282991866e-10
9.011072462296457529e-13
9.038754974955182478e-13
8.990364762799891540e-13
8.930660271107323573e-13
8.930660271107323573e-13
8.986374195141036683e-13
8.926755616809732073e-13
8.926755616809732073e-13
8.982303752848231800e-13
8.922762588570182000e-13
8.922762588570182000e-13
1.106242967630391279e-10
1.012146455160861686e-12
1.012146455160861686e-12
9.007378689625149763e-13
9.184347620255978611e-13
8.970355239139663053e-13
8.910945964549015238e-13
8.966391205240524023e-13
8.907058398047505293e-13
8.907058398047505293e-13
8.962338062300263801e-13
8.903084646354300530e-13
8.903084646354300530e-13
1.209671189429498906e-10
1.205530856680477739e-12
1.205530856680477739e-12
8.954413941156596388e-13
9.138390373835187136e-13
8.950459563068792655e-13
8.891321804937508479e-13
8.946523644731372464e-13
8.887435238606943376e-13
8.942499001643906298e-13
8.883470066598812562e-13
8.883470066598812562e-13
3.032405860282991866e-10
9.328636597401174713e-11
9.038754974955182478e-13
8.914279836330785824e-13
8.930660271107323573e-13
8.871784301740705316e-13
8.871784301740705316e-13
8.926755616809732073e-13
8.867929842526060540e-13
8.867929842526060540e-13
8.922762588570182000e-13
8.863988889323657229e-13
1.012146455160861686e-12
1.073875362569552049e-12
1.073875362569552049e-12
9.184347620255978611e-13
8.866446757004447884e-13
8.866446757004447884e-13
8.910945964549015238e-13
8.852358624238751569e-13
8.907058398047505293e-13
8.848536906112374402e-13
8.903084646354300530e-13
8.844633079458559043e-13
8.844633079458559043e-13
1.205530856680477739e-12
8.840668471449353131e-13
9.138390373835187136e-13
9.557407117394507772e-13
9.557407117394507772e-13
8.891321804937508479e-13
8.833056132077864930e-13
8.833056132077864930e-13
8.887435238606943376e-13
8.829202772506734218e-13
8.829202772506734218e-13
8.883470066598812562e-13
8.825316963561086999e-13
9.328636597401174713e-11
8.821498825770385911e-13
8.821498825770385911e-13
8.914279836330785824e-13
1.024178653368035109e-12
1.024178653368035109e-12
8.871784301740705316e-13
8.813735001378182770e-13
8.867929842526060540e-13
8.809937070377855140e-13
8.809937070377855140e-13
8.863988889323657229e-13
8.806055708472928026e-13
8.806055708472928026e-13
1.073875362569552049e-12
1.034676977286475706e-12
1.034676977286475706e-12
8.866446757004447884e-13
8.837281918480026686e-13
8.837281918480026686e-13
8.852358624238751569e-13
8.794555386982368712e-13
8.794555386982368712e-13
8.848536906112374402e-13
8.790763716075837284e-13
8.790763716075837284e-13
8.844633079458559043e-13
8.786890324570479721e-13
8.786890324570479721e-13
8.840668471449353131e-13
2.284948842436055880e-11
2.284948842436055880e-11
9.557407117394507772e-13
8.942944673764991812e-13
8.942944673764991812e-13
8.833056132077864930e-13
8.775472958738720353e-13
8.775472958738720353e-13
8.829202772506734218e-13
8.771713378788692709e-13
8.771713378788692709e-13
8.825316963561086999e-13
8.767869369434845486e-13
8.767869369434845486e-13
8.821498825770385911e-13
8.931175073299930484e-13
8.931175073299930484e-13
1.024178653368035109e-12
9.219230119986204012e-13
9.219230119986204012e-13
8.813735001378182770e-13
8.756469901764662499e-13
8.809937070377855140e-13
8.752725078671569779e-13
8.806055708472928026e-13
8.748895201684885791e-13
8.748895201684885791e-13
1.034676977286475706e-12
1.667477121850996953e-12
1.667477121850996953e-12
8.837281918480026686e-13
8.972571700287271564e-13
8.972571700287271564e-13
8.794555386982368712e-13
8.737556284213540197e-13
8.790763716075837284e-13
8.733807585704049871e-13
8.733807585704049871e-13
8.786890324570479721e-13
8.729982460324040748e-13
8.729982460324040748e-13
2.284948842436055880e-11
1.778040924677432420e-10
1.778040924677432420e-10
8.942944673764991812e-13
8.723073814810864637e-13
8.775472958738720353e-13
8.718704356104244847e-13
8.771713378788692709e-13
8.714962207139542798e-13
8.714962207139542798e-13
8.767869369434845486e-13
8.711135821297316820e-13
8.931175073299930484e-13
4.924595126932881835e-12
4.924595126932881835e-12
9.219230119986204012e-13
8.704837211608649176e-13
8.756469901764662499e-13
8.699937803913285382e-13
8.752725078671569779e-13
8.696190138464612354e-13
8.696190138464612354e-13
8.748895201684885791e-13
8.692358827812176247e-13
8.692358827812176247e-13
1.667477121850996953e-12
1.624006322439543156e-12
1.624006322439543156e-12
8.972571700287271564e-13
8.685164672987423115e-13
8.685164672987423115e-13
8.737556284213540197e-13
8.681248400050187483e-13
8.733807585704049871e-13
8.677494937236157695e-13
8.677494937236157695e-13
8.729982460324040748e-13
8.690796474445396675e-13
8.690796474445396675e-13
1.778040924677432420e-10
8.828155248606702613e-13
8.828155248606702613e-13
8.723073814810864637e-13
8.666330107413035884e-13
8.666330107413035884e-13
8.718704356104244847e-13
8.662627308154410367e-13
8.714962207139542798e-13
8.658861791149576544e-13
8.711135821297316820e-13
4.213345591298379224e-10
4.924595126932881835e-12
8.675251635289424792e-13
8.675251635289424792e-13
8.704837211608649176e-13
8.647838648962842601e-13
8.699937803913285382e-13
8.644216374228377433e-13
8.644216374228377433e-13
8.696190138464612354e-13
8.640513765790807463e-13
8.640513765790807463e-13
8.692358827812176247e-13
8.636728409621652784e-13
8.636728409621652784e-13
1.624006322439543156e-12
2.092461008399732277e-12
2.092461008399732277e-12
8.685164672987423115e-13
8.629836746739684835e-13
8.629836746739684835e-13
8.681248400050187483e-13
8.625840346178834846e-13
8.625840346178834846e-13
8.677494937236157695e-13
8.622181890856552513e-13
8.690796474445396675e-13
8.618440944191683467e-13
8.618440944191683467e-13
8.828155248606702613e-13
1.579079003585979983e-11
1.579079003585979983e-11
8.666330107413035884e-13
8.620376212956254836e-13
8.620376212956254836e-13
8.662627308154410367e-13
8.607533937115485041e-13
8.607533937115485041e-13
8.658861791149576544e-13
8.603914774940810915e-13
8.603914774940810915e-13
4.213345591298379224e-10
8.600213474411819807e-13
8.675251635289424792e-13
3.965359818584609593e-12
8.647838648962842601e-13
8.609192988636618763e-13
8.644216374228377433e-13
8.589300830048435785e-13
8.589300830048435785e-13
8.640513765790807463e-13
8.585715225129234817e-13
8.585715225129234817e-13
8.636728409621652784e-13
8.582049620110383691e-13
8.582049620110383691e-13
2.092461008399732277e-12
8.578312266605212482e-13
8.578312266605212482e-13
8.629836746739684835e-13
1.040110327226064888e-12
8.625840346178834846e-13
8.571169058504688544e-13
8.571169058504688544e-13
8.622181890856552513e-13
8.567588131060761008e-13
8.567588131060761008e-13
8.618440944191683467e-13
8.563955154632297481e-13
8.563955154632297481e-13
1.579079003585979983e-11
8.560240842944308278e-13
8.620376212956254836e-13
2.182224397368058795e-12
2.182224397368058795e-12
8.607533937115485041e-13
8.553148337780429587e-13
8.553148337780429587e-13
8.603914774940810915e-13
8.549533837113694554e-13
8.549533837113694554e-13
8.600213474411819807e-13
8.545930605831383263e-13
8.545930605831383263e-13
3.965359818584609593e-12
8.542246324434360504e-13
8.542246324434360504e-13
8.609192988636618763e-13
5.661867434236859444e-12
8.589300830048435785e-13
8.535070782996556672e-13
8.535070782996556672e-13
8.585715225129234817e-13
8.531537844112715652e-13
8.582049620110383691e-13
8.527948373234482441e-13
8.527948373234482441e-13
8.578312266605212482e-13
8.524278208891743739e-13
8.524278208891743739e-13
1.040110327226064888e-12
7.336708367816931196e-12
7.336708367816931196e-12
8.571169058504688544e-13
8.518856609995707441e-13
8.567588131060761008e-13
8.513639615275646591e-13
8.563955154632297481e-13
8.510080826521158990e-13
8.510080826521158990e-13
8.560240842944308278e-13
8.506441647930895338e-13
8.506441647930895338e-13
2.182224397368058795e-12
2.088881740970804124e-11
2.088881740970804124e-11
8.553148337780429587e-13
8.510158816035527540e-13
8.510158816035527540e-13
8.549533837113694554e-13
8.495806649078842714e-13
8.545930605831383263e-13
8.492267685962299918e-13
8.492267685962299918e-13
8.542246324434360504e-13
8.488648804182828899e-13
8.488648804182828899e-13
5.661867434236859444e-12
2.080724531066802955e-12
2.080724531066802955e-12
8.535070782996556672e-13
8.487345325976790147e-13
8.487345325976790147e-13
8.531537844112715652e-13
8.478046989806034636e-13
8.478046989806034636e-13
8.527948373234482441e-13
8.474523324200345784e-13
8.474523324200345784e-13
8.524278208891743739e-13
8.470920437242281003e-13
7.336708367816931196e-12
4.397306783705951190e-11
8.518856609995707441e-13
8.465922696555312647e-13
8.513639615275646591e-13
8.460352939842538813e-13
8.460352939842538813e-13
8.510080826521158990e-13
8.456835020025759783e-13
8.456835020025759783e-13
8.506441647930895338e-13
8.453237714296735375e-13
2.088881740970804124e-11
1.345656818394329103e-11
1.345656818394329103e-11
8.510158816035527540e-13
8.446971687661878870e-13
8.446971687661878870e-13
8.495806649078842714e-13
8.442731901906713310e-13
8.492267685962299918e-13
8.439217908172332871e-13
8.439217908172332871e-13
8.488648804182828899e-13
8.435624812321107155e-13
8.435624812321107155e-13
2.080724531066802955e-12
3.094283151315176602e-12
3.094283151315176602e-12
8.487345325976790147e-13
8.428984902679043626e-13
8.428984902679043626e-13
8.478046989806034636e-13
8.425174152990005184e-13
8.425174152990005184e-13
8.474523324200345784e-13
8.421655178361677484e-13
8.421655178361677484e-13
8.470920437242281003e-13
8.418057553871581272e-13
8.418057553871581272e-13
4.397306783705951190e-11
1.160105808948560218e-12
1.160105808948560218e-12
8.465922696555312647e-13
8.411243644976337563e-13
8.411243644976337563e-13
8.460352939842538813e-13
8.407746431788565417e-13
8.407746431788565417e-13
8.456835020025759783e-13
8.404265256080389384e-13
8.453237714296735375e-13
8.400705593794166050e-13
8.400705593794166050e-13
1.345656818394329103e-11
8.403677882158672223e-12
8.446971687661878870e-13
8.396065896585613753e-13
8.442731901906713310e-13
8.390389483267878286e-13
8.390389483267878286e-13
8.439217908172332871e-13
8.386949347906214575e-13
8.386949347906214575e-13
8.435624812321107155e-13
8.383430954292824735e-13
8.383430954292824735e-13
3.094283151315176602e-12
1.320595928106054683e-10
1.320595928106054683e-10
8.428984902679043626e-13
8.454200307111077488e-13
8.454200307111077488e-13
8.425174152990005184e-13
8.373094822767276330e-13
8.421655178361677484e-13
8.369686751551106624e-13
8.369686751551106624e-13
8.418057553871581272e-13
8.366201928062685429e-13
8.366201928062685429e-13
1.160105808948560218e-12
8.363397978916136895e-13
8.411243644976337563e-13
9.440057112067464122e-13
8.407746431788565417e-13
8.355902772443876153e-13
8.355902772443876153e-13
8.404265256080389384e-13
8.352505577064905938e-13
8.352505577064905938e-13
8.400705593794166050e-13
8.349063001708243161e-13
8.403677882158672223e-12
8.345542952126486563e-13
8.396065896585613753e-13
1.847599335586908498e-12
8.390389483267878286e-13
8.339303496175629211e-13
8.386949347906214575e-13
8.335364271344715714e-13
8.335364271344715714e-13
8.383430954292824735e-13
8.331943738449632499e-13
8.331943738449632499e-13
1.320595928106054683e-10
8.328446011315688843e-13
8.328446011315688843e-13
8.454200307111077488e-13
1.237481496505179634e-12
1.237481496505179634e-12
8.373094822767276330e-13
8.323173080295216607e-13
8.323173080295216607e-13
8.369686751551106624e-13
8.318283983106795757e-13
8.318283983106795757e-13
8.366201928062685429e-13
8.314876645984381532e-13
8.363397978916136895e-13
8.311392464107761833e-13
9.440057112067464122e-13
3.175912033756573044e-12
3.175912033756573044e-12
8.355902772443876153e-13
8.305399502299806305e-13
8.352505577064905938e-13
8.301266156656672393e-13
8.301266156656672393e-13
8.349063001708243161e-13
8.297865211580851813e-13
8.297865211580851813e-13
8.345542952126486563e-13
8.294387738398361229e-13
8.294387738398361229e-13
1.847599335586908498e-12
1.947403295621014737e-12
8.339303496175629211e-13
8.287847571730410185e-13
8.287847571730410185e-13
8.335364271344715714e-13
8.284309853946888236e-13
8.284309853946888236e-13
8.331943738449632499e-13
8.280908277619616494e-13
8.280908277619616494e-13
8.328446011315688843e-13
8.277586273372401322e-13
8.277586273372401322e-13
1.237481496505179634e-12
8.913150194958134194e-13
8.323173080295216607e-13
8.270790830391570515e-13
8.318283983106795757e-13
8.267413775760273866e-13
8.267413775760273866e-13
8.314876645984381532e-13
8.264006659269886502e-13
8.311392464107761833e-13
5.711230792217265530e-11
5.711230792217265530e-11
3.175912033756573044e-12
8.263374694798512255e-13
8.263374694798512255e-13
8.305399502299806305e-13
8.253928110472540405e-13
8.253928110472540405e-13
8.301266156656672393e-13
8.250597131365117008e-13
8.297865211580851813e-13
8.247193198475978438e-13
8.247193198475978438e-13
8.294387738398361229e-13
8.659076714794609133e-12
8.659076714794609133e-12
1.947403295621014737e-12
8.262438134331880701e-13
8.287847571730410185e-13
8.237167233004459314e-13
8.284309853946888236e-13
8.233834055907038502e-13
8.280908277619616494e-13
8.230425423456170061e-13
8.277586273372401322e-13
7.970874252533043496e-12
8.913150194958134194e-13
8.224803668767950334e-13
8.224803668767950334e-13
8.270790830391570515e-13
8.220482043774886600e-13
8.267413775760273866e-13
8.217151983810610401e-13
8.217151983810610401e-13
8.264006659269886502e-13
8.213746809576011846e-13
5.711230792217265530e-11
2.374239088342792099e-12
2.374239088342792099e-12
8.263374694798512255e-13
8.207567538068209594e-13
8.253928110472540405e-13
8.203853304745142700e-13
8.203853304745142700e-13
8.250597131365117008e-13
8.200517821710940290e-13
8.247193198475978438e-13
8.200517821587441781e-13
8.200517821587441781e-13
8.659076714794609133e-12
8.200517821498916693e-13
8.262438134331880701e-13
8.200517821436503533e-13
8.237167233004459314e-13
8.200517821345830725e-13
8.233834055907038502e-13
8.200517821291046165e-13
8.200517821291046165e-13
8.230425423456170061e-13
8.200517821122825174e-13
8.200517821122825174e-13
7.970874252533043496e-12
8.200517821114041429e-13
8.200517821114041429e-13
8.224803668767950334e-13
8.200517821107920373e-13
8.200517821107920373e-13
8.220482043774886600e-13
8.200517820988661770e-13
8.200517820988661770e-13
8.217151983810610401e-13
8.200517820849488026e-13
8.200517820849488026e-13
8.213746809576011846e-13
8.200517820735401321e-13
2.374239088342792099e-12
8.200517820795411295e-13
8.207567538068209594e-13
8.200517820566795618e-13
8.200517820566795618e-13
8.203853304745142700e-13
8.200517820573931465e-13
8.200517820573931465e-13
8.200517821710940290e-13
8.200517820500017344e-13
8.200517820500017344e-13
8.200517821587441781e-13
8.200517820410744038e-13
8.200517820410744038e-13
8.200517821498916693e-13
8.200517820471947527e-13
8.200517820471947527e-13
8.200517821436503533e-13
8.200517820312702133e-13
8.200517820312702133e-13
8.200517821345830725e-13
8.200517820271573323e-13
8.200517820271573323e-13
8.200517821291046165e-13
8.200517820173632392e-13
8.200517821122825174e-13
8.200517820125646425e-13
8.200517820125646425e-13
8.200517821114041429e-13
8.200517819983909956e-13
8.200517819983909956e-13
8.200517821107920373e-13
8.200517819949870545e-13
8.200517819949870545e-13
8.200517820988661770e-13
8.200517819803255003e-13
8.200517820849488026e-13
8.200517819781145693e-13
8.200517819781145693e-13
8.200517820735401321e-13
8.200517819773509014e-13
8.200517819773509014e-13
8.200517820795411295e-13
8.200517819624779072e-13
8.200517819624779072e-13
8.200517820566795618e-13
8.200517819600047463e-13
8.200517819600047463e-13
8.200517820573931465e-13
8.200517819558760124e-13
8.200517819558760124e-13
8.200517820500017344e-13
8.200517819456247081e-13
8.200517820410744038e-13
8.200517819365001749e-13
8.200517819365001749e-13
8.200517820471947527e-13
8.200517819356133185e-13
8.200517820312702133e-13
8.200517819266880074e-13
8.200517820271573323e-13
8.200517819183621801e-13
8.200517819183621801e-13
8.200517820173632392e-13
8.200517819109048318e-13
8.200517819109048318e-13
8.200517820125646425e-13
8.200517818991252831e-13
8.200517818991252831e-13
8.200517819983909956e-13
8.200517818818338560e-13
8.200517818818338560e-13
8.200517819949870545e-13
8.200517818890343259e-13
8.200517819803255003e-13
8.200517818819110003e-13
8.200517819781145693e-13
8.200517818663699608e-13
8.200517818663699608e-13
8.200517819773509014e-13
8.200517818667456858e-13
8.200517818667456858e-13
8.200517819624779072e-13
8.200517818551650562e-13
8.200517819600047463e-13
8.200517818480975693e-13
8.200517818480975693e-13
8.200517819558760124e-13
8.200517818356562357e-13
8.200517819456247081e-13
8.200517818353398836e-13
8.200517819365001749e-13
8.200517818250515218e-13
8.200517819356133185e-13
8.200517818103930978e-13
8.200517819266880074e-13
8.200517818081597505e-13
8.200517819183621801e-13
8.200517818067381348e-13
8.200517818067381348e-13
8.200517819109048318e-13
8.200517817958438269e-13
8.200517817958438269e-13
8.200517818991252831e-13
8.200517817891089490e-13
8.200517818818338560e-13
8.200517817796445366e-13
8.200517817796445366e-13
8.200517818890343259e-13
8.200517817914381208e-13
8.200517818819110003e-13
8.200517817643872347e-13
8.200517817643872347e-13
