8.599507975277406e-11
5.157811546105215e-10
2.7556230050277086e-09
4.798022814516395e-09
4.1585612099474666e-09
2.449453974065622e-09
1.2671404296980016e-09
1.0661652590388534e-09
1.2946077114383387e-09
1.5949240960369109e-09
1.9631519232105105e-09
2.3211633222066054e-09
2.5786935908524733e-09
2.1794018112281735e-09
1.3196738563899887e-09
1.0617235560209077e-09
1.1936296311615466e-09
1.7649706285085684e-09
2.9038945967473528e-09
3.3325762112560088e-09
2.9966100200555933e-09
2.1159752955961158e-09
1.1303258162215417e-09
8.243782456302524e-10
9.06570702663736e-10
1.3552687446535386e-09
2.1990908839075233e-09
2.5468818025679573e-09
2.5410111305187063e-09
2.1319715043414894e-09
1.407070972236122e-09
1.1228446986528196e-09
1.2532270661186355e-09
1.8009410949924402e-09
2.705619816416535e-09
3.0688304689212976e-09
2.8374207790774207e-09
2.145341878512034e-09
1.2446247061028344e-09
9.203286828099652e-10
9.348785935151643e-10
1.265087936713405e-09
2.040348806932992e-09
2.5307600550402775e-09
2.4850756365173304e-09
1.9651645990317757e-09
1.3939167617869059e-09
1.290322038184821e-09
1.47615761979725e-09
2.058269377632696e-09
2.3975988958584863e-09
2.2120839658882008e-09
1.6186967671647715e-09
1.481104878035508e-09
1.6638990638179542e-09
2.053591630759414e-09
2.2348891765255668e-09
2.034521602537794e-09
1.4784776230835684e-09
1.192823822288985e-09
1.2557757621271164e-09
1.7144811039506218e-09
2.242566194654546e-09
2.2663970526085768e-09
1.9030501028568175e-09
1.4073244550078536e-09
1.2063745394723733e-09
1.3484297783295037e-09
1.872536909998981e-09
1.968609021353353e-09
1.6160489704847704e-09
9.925759308210034e-10
8.250140785483785e-10
9.74228881469409e-10
1.4797506457282021e-09
2.1329350752119857e-09
2.335120489795583e-09
2.173130960611565e-09
1.7090477959681529e-09
1.002048128486059e-09
6.923681735210127e-10
7.024500570218105e-10
1.0034910559504583e-09
1.7180773313171805e-09
2.0491559231329842e-09
1.901467930927943e-09
1.3972187848803303e-09
9.300146328056643e-10
7.789305657190367e-10
8.505217795376953e-10
1.2441367127788974e-09
1.7938480599329378e-09
1.9142597692020155e-09
1.6037060067093097e-09
1.014492216026232e-09
8.422443030347117e-10
9.777597023176563e-10
1.4724159778134496e-09
1.6931274833063409e-09
1.4981898799594604e-09
