2.39747021242879e-09
7.972067327319188e-10
2.125133417582996e-09
3.899002130272595e-10
2.7645046510444315e-10
1.2615786490470396e-09
8.303580353072975e-10
5.705689098873085e-11
2.8609193860944513e-10
7.824992579256216e-10
5.327266046114874e-10
5.247416236462621e-11
1.1828874782769821e-10
4.658926678860264e-10
4.21712111988175e-10
9.691480640556906e-11
2.869412789927452e-11
2.4327276145005834e-10
3.0295504069679817e-10
1.1059478582403617e-10
1.7895633554667084e-12
1.1957868195534335e-10
2.090084539416728e-10
1.0843026068389966e-10
4.08400112992045e-12
5.792229195477327e-11
1.3672205635010183e-10
8.734180369193895e-11
5.594840957528874e-12
2.9483493818142816e-11
9.05043802427586e-11
6.613624592847446e-11
6.7569839368686096e-12
1.719685975207877e-11
5.874741635077668e-11
4.3044588163375253e-11
3.4359397729243347e-12
1.3060637098025532e-11
4.0904591448808086e-11
2.6890699491419614e-11
1.3556907891342463e-12
1.2043868577757987e-11
2.8529592614833075e-11
1.4331952964555463e-11
1.1412522102966189e-13
1.1943189862035275e-11
1.9581548806084095e-11
6.3932996673211556e-12
8.810309199944014e-13
1.1025256914701197e-11
1.1327479448872021e-11
1.4214378831754624e-12
2.6391367882495526e-12
9.325702591409195e-12
5.257820089391757e-12
9.587941486438796e-14
4.260434021398798e-12
6.1935230646200375e-12
1.2771768285002917e-12
8.747527843980262e-13
4.535516804452916e-12
2.892706484208784e-12
4.9213018105947395e-14
2.0870707704400885e-12
3.0257728122218443e-12
5.154423605193674e-13
5.868185023475936e-13
2.3088481580053647e-12
1.1168730804417236e-12
5.710944969959829e-14
1.346003107862025e-12
1.291718712117065e-12
5.445916106773549e-14
6.199842586256104e-13
1.169770318831494e-12
2.4835323910398323e-13
1.9900006321017153e-13
8.377645000689569e-13
3.579821522995868e-13
3.67222046904874e-14
5.492750935620467e-13
3.9893865751261234e-13
7.27826773528661e-15
3.2614347363179035e-13
3.6050616587432433e-13
1.4175082490637494e-14
1.8083476444944407e-13
3.0341202183792624e-13
3.8606432991658374e-14
9.206268579317691e-14
2.2693125461488725e-13
4.5782256992955686e-14
4.7231719307250194e-14
1.7026764179563832e-13
5.0232379070627574e-14
2.5431315375370597e-14
1.2334372741021413e-13
4.361613745678197e-14
1.2595369782479485e-14
9.017841186154529e-14
