2.3990040799246208e-09
8.240789270307809e-10
2.145115839153145e-09
3.909380591847982e-10
2.842591911931859e-10
1.2846550832141732e-09
8.503670747149765e-10
6.470808332114454e-11
2.868121141201566e-10
7.836003877766151e-10
5.348124411041273e-10
5.3635647479161007e-11
1.184999000695873e-10
4.659559468416853e-10
4.21894601845719e-10
9.791737247603296e-11
3.148381331776704e-11
2.470390725145469e-10
3.0532998936962486e-10
1.1089642326584074e-10
2.262175875985081e-12
1.224398952348109e-10
2.1339870293416414e-10
1.1171886831515019e-10
5.196278859498451e-12
5.7962392517670324e-11
1.369220349718856e-10
8.775797434955107e-11
5.843204505004814e-12
2.955031576789921e-11
9.053561598787011e-11
6.619764094877202e-11
7.019676338833242e-12
1.7787491011159565e-11
5.935843364734493e-11
4.326544612775816e-11
3.455595019581287e-12
1.3449024616280745e-11
4.171354465634575e-11
2.757217668813172e-11
1.5843099135587755e-12
1.2050218466626718e-11
2.8589897212223678e-11
1.4428547596524097e-11
1.625033566878674e-13
1.1963471971878115e-11
1.9600914589939232e-11
6.428213387663685e-12
9.755488232996494e-13
1.1152904715534494e-11
1.1386172175843072e-11
1.424441030206401e-12
2.7214880082657323e-12
9.503239204097136e-12
5.393506848398711e-12
1.2937276053886434e-13
4.266206558640732e-12
6.219802255809193e-12
1.3000753912781228e-12
8.825399245640812e-13
4.5399205123790654e-12
2.8997171581888995e-12
6.91546495589086e-14
2.1199860869817127e-12
3.0449435671445418e-12
5.17121138786733e-13
6.067731049487369e-13
2.3535032699674444e-12
1.1490713212248075e-12
6.380347034376167e-14
1.3488995371579234e-12
1.299542754321929e-12
5.993275400477696e-14
6.225027184589702e-13
1.1720917553798023e-12
2.530302259943739e-13
2.0917450673109485e-13
8.478757277317931e-13
3.610590140977392e-13
3.9971699105282565e-14
5.598191949532697e-13
4.0903833979309606e-13
1.0758701111672254e-14
3.278281602787468e-13
3.6343304451026354e-13
1.666547224371873e-14
1.827628863234565e-13
3.053761004260863e-13
4.143346172799714e-14
9.660599622054766e-14
2.3095285883873117e-13
4.7563949755903266e-14
4.9419875736684575e-14
1.739846195262313e-13
5.305183861414727e-14
2.7006963259190932e-14
1.251269418732333e-13
4.5513871219987625e-14
1.4243813730440504e-14
9.179810540641666e-14
3.999141873588568e-14
9.8333754412563e-15
6.651133141941715e-14
3.012196776352201e-14
6.302636274698027e-15
4.947453245827489e-14
2.3498566741830233e-14
5.848000633106648e-15
3.6897686262854196e-14
1.616853201622161e-14
4.806183789278816e-15
2.8073131969313877e-14
1.1560564377614077e-14
5.142257841926358e-15
2.1338052454576134e-14
7.241474085427256e-15
4.913539003501076e-15
1.6274641913113055e-14
4.796954021829885e-15
5.303941765784487e-15
1.2206221539792995e-14
2.787937100160974e-15
5.229397256485249e-15
9.009864076407125e-15
1.9619402684882242e-15
5.3061040802356825e-15
6.404257098144685e-15
1.4439773462462556e-15
4.982783038715548e-15
4.439453817052676e-15
1.5517702850531916e-15
4.591346983650361e-15
2.961732305357176e-15
1.7167254495445459e-15
3.935869104556945e-15
2.0441572905042184e-15
2.0526989491128208e-15
3.246386967605522e-15
1.5188505268651298e-15
2.216918717258771e-15
2.5338919513728032e-15
1.3774042776706319e-15
2.287859532760671e-15
1.9541674050009506e-15
1.4099743865381012e-15
2.1474431882670014e-15
1.5521807002762273e-15
1.5494567372566811e-15
1.9217473692546907e-15
1.3506076087826909e-15
1.6306396744647098e-15
1.6446073531537884e-15
1.314791786519927e-15
1.6413345626812936e-15
1.4289634686931717e-15
1.3564918246962262e-15
1.54924824109395e-15
1.3023215267750693e-15
1.4094700975408362e-15
1.426078782701842e-15
1.2701454300594787e-15
1.4097980453056804e-15
1.310638301404095e-15
1.288136445413006e-15
1.3643179165481551e-15
1.2496623355479835e-15
1.3053362802877434e-15
1.2916496075155495e-15
1.2347415577662101e-15
1.2952677440588091e-15
1.2353865718042968e-15
1.2416385446569706e-15
1.2563400334238595e-15
1.2070763067322815e-15
1.2399751595348e-15
1.2143366554380437e-15
1.2023871096060663e-15
1.2189203190435642e-15
1.1853603895471904e-15
1.1990535250552705e-15
1.1889747327036758e-15
1.1741515005381452e-15
1.1851705131871608e-15
1.1637721484033236e-15
1.1674895633525769e-15
1.1627973396144345e-15
1.150119428290119e-15
1.1556687477333669e-15
1.1416409560084247e-15
1.1409909401658137e-15
1.1374652028932608e-15
1.127613072576177e-15
1.1293455099707286e-15
1.1193895304201455e-15
1.1170505371393503e-15
1.113335273675001e-15
1.10573276804659e-15
1.1050769227476506e-15
1.0973606674805576e-15
1.0944152315812212e-15
1.0902747269214098e-15
1.084228547901861e-15
1.0821034745806113e-15
1.0756986384987328e-15
1.0725045555837432e-15
1.0680466002267388e-15
1.0630154844731234e-15
1.0599719006887992e-15
1.0544227471343986e-15
1.0510589127073442e-15
1.0464622975960442e-15
1.0420632766795906e-15
1.038442094114146e-15
1.0335055833144317e-15
1.0299669207140797e-15
1.0253895852466336e-15
1.0213487722562904e-15
1.0173861712091802e-15
1.0129028230215176e-15
1.009184968222447e-15
1.0047398975136554e-15
1.000864074749052e-15
9.967420645939184e-16
9.925777865257446e-16
9.887065436457474e-16
9.844487908526195e-16
9.806110446065203e-16
9.764694407492749e-16
9.725019300477093e-16
9.685372242709072e-16
9.644671383042518e-16
9.60606657209456e-16
9.565381252490902e-16
9.526662516492212e-16
9.486838479589999e-16
9.447593175952018e-16
9.408724301740967e-16
9.369159590708747e-16
9.330767150887342e-16
9.291425532343028e-16
9.25307008044811e-16
9.214276176062257e-16
9.175761913441367e-16
9.13751660053998e-16
9.098997876049527e-16
9.061101041675068e-16
9.022786081766168e-16
8.985018835884785e-16
8.947075391463519e-16
8.909375739251655e-16
8.871806068312181e-16
8.834196402581887e-16
8.796921206077403e-16
8.759518173304621e-16
8.722452214382961e-16
8.685312373282466e-16
8.64839410427414e-16
8.611550854379726e-16
8.574801627745333e-16
8.538228173251864e-16
8.501663878953198e-16
8.465319668249869e-16
8.428991502154913e-16
8.392856444646222e-16
8.356772075317933e-16
8.32082485294713e-16
8.284990920503779e-16
8.249252003962739e-16
8.213656685964419e-16
8.178127112361108e-16
8.142753087897565e-16
8.107454567769962e-16
8.072299698582475e-16
8.037231128425121e-16
8.002284194243106e-16
7.96744859568548e-16
7.932720814701046e-16
7.898114503597642e-16
7.863602343657736e-16
7.82921828290076e-16
7.794931945273862e-16
7.760770847472598e-16
7.726708026145205e-16
7.692763252898137e-16
7.658926743200705e-16
7.625203617861881e-16
7.591591796511109e-16
7.558086402034619e-16
7.524697120826486e-16
7.491414694423056e-16
7.458248199966009e-16
7.42518610838306e-16
7.392238899440098e-16
7.359399693357853e-16
7.326673922519766e-16
7.294055990398111e-16
7.261548623311793e-16
7.229152063709694e-16
7.196865701107801e-16
7.1646899089217355e-16
7.132622006050378e-16
7.100665631422176e-16
7.068818096875878e-16
7.037081484568518e-16
7.005452417843913e-16
6.973933784695957e-16
6.942524032953679e-16
6.911224268921097e-16
6.880032555034275e-16
6.848949747689601e-16
6.817975922520555e-16
6.7871109776702975e-16
6.756354343158515e-16
6.725705493689122e-16
6.695165319366245e-16
6.664733221094976e-16
6.63440925068239e-16
6.604192395052781e-16
6.574083515076206e-16
6.544082097552497e-16
6.514188245356528e-16
6.484401042876577e-16
6.454720959844319e-16
6.425147806726368e-16
6.395681503980457e-16
6.36632143140896e-16
6.337067640423615e-16
6.307920151746093e-16
6.278878785737892e-16
6.249943098783115e-16
6.221112907965954e-16
6.192388312419712e-16
6.163769086407599e-16
6.135254942110193e-16
6.106845553887744e-16
6.078540987237101e-16
6.050341064264883e-16
6.022245492009706e-16
5.994253937784857e-16
5.966366415560075e-16
5.938582745529417e-16
5.910902700748324e-16
5.883325902643818e-16
5.855852335813408e-16
5.828481835384023e-16
5.801214146402729e-16
5.774048942168268e-16
5.746986138374687e-16
5.72002555998743e-16
5.693166983778564e-16
5.666410098934706e-16
5.639754751311651e-16
5.61320079154062e-16
5.586747990807416e-16
5.560396058650534e-16
5.534144796402691e-16
5.507994062887839e-16
5.481943618371531e-16
5.455993177108963e-16
5.430142545035763e-16
5.404391548878901e-16
5.378739951660966e-16
5.353187495431308e-16
5.327733958428617e-16
5.302379149827204e-16
5.277122841643936e-16
5.251964779179963e-16
5.226904720347129e-16
5.20194248002574e-16
5.177077835648741e-16
5.152310505624976e-16
5.127640270602559e-16
5.103066931586984e-16
5.078590229441031e-16
5.054209932560208e-16
5.02992579771119e-16
5.005737599968566e-16
4.981645131462585e-16
4.957648101270762e-16
4.933746297334304e-16
4.909939472287645e-16
4.886227410725976e-16
4.862609848123231e-16
4.839086535292128e-16
4.815657264454699e-16
4.792321766793984e-16
4.769079828368136e-16
4.74593115784211e-16
4.722875552897836e-16
4.69991276572508e-16
4.677042536271671e-16
4.654264628019711e-16
4.631578786447478e-16
4.608984785287214e-16
4.586482359467843e-16
4.564071264394041e-16
4.54175125973585e-16
4.519522098131281e-16
4.497383534204191e-16
4.47533529011199e-16
4.45337716197406e-16
4.431508876925088e-16
4.4097301707953057e-16
4.38804082714365e-16
4.366440571472927e-16
4.3449291611669913e-16
4.3235063497766197e-16
4.302171867167587e-16
4.2809254991052863e-16
4.2597669615431677e-16
4.238696010228115e-16
4.2177124006104085e-16
4.196815871043221e-16
4.1760061864099156e-16
4.1552830785691295e-16
4.134646291239396e-16
4.1140955842588205e-16
4.093630706620618e-16
4.0732514022529033e-16
4.052957402147463e-16
4.0327484706814654e-16
4.012624347829255e-16
3.9925847881154597e-16
3.972629535169583e-16
3.95275832504288e-16
3.9329709187672197e-16
3.913267046083113e-16
3.8936464733148243e-16
3.8741089411689956e-16
3.8546541917593407e-16
3.835281967589327e-16
3.8159920220648233e-16
3.796784102876479e-16
3.777657952556469e-16
3.758613313336815e-16
3.739649948688238e-16
3.720767577544175e-16
3.701965975247358e-16
3.6832448740390103e-16
3.664604024449948e-16
3.646043177878122e-16
3.627562069541963e-16
3.609160450096518e-16
3.590838079282925e-16
3.5725946931642763e-16
3.554430043345818e-16
3.5363438797563953e-16
3.5183359379806686e-16
3.5004059824092257e-16
3.482553758141032e-16
3.464778997029e-16
3.447081477659015e-16
3.4294609244485886e-16
3.4119170877184708e-16
3.394449733739522e-16
3.377058604901945e-16
3.3597434404621473e-16
3.3425039957386063e-16
3.325340028424666e-16
3.308251281921343e-16
3.291237512490273e-16
3.2742984617316377e-16
3.2574338875818086e-16
3.240643534374254e-16
3.2239271631934783e-16
3.2072845348249684e-16
3.190715373239013e-16
3.1742194613106436e-16
3.1577965293816824e-16
3.14144634189054e-16
3.1251686429443726e-16
3.1089631988088783e-16
3.092829756921629e-16
3.0767680675307073e-16
3.0607778976020836e-16
3.044858995148386e-16
3.0290111056749825e-16
3.013234001368901e-16
2.997527428168121e-16
2.981891148683574e-16
2.9663249205188376e-16
2.950828491812045e-16
2.935401622728456e-16
2.920044081301499e-16
2.9047556094553504e-16
2.889535983755562e-16
2.874384952117802e-16
2.859302271905561e-16
2.844287707114803e-16
2.829341019017431e-16
2.814461958376619e-16
2.7996503100737996e-16
2.784905806287681e-16
2.770228226817438e-16
2.755617326811713e-16
2.7410728779212986e-16
2.726594627168926e-16
2.712182350856842e-16
2.697835807962695e-16
2.6835547682807817e-16
2.669338988418959e-16
2.6551882326860797e-16
2.6411022781467314e-16
2.6270808805172595e-16
2.613123810616399e-16
2.5992308319431275e-16
2.585401713303993e-16
2.571636226230029e-16
2.5579341257767957e-16
2.5442952010436306e-16
2.5307192001936633e-16
2.517205909979974e-16
2.503755093954951e-16
2.490366523451049e-16
2.477039959983213e-16
2.4637751837933554e-16
2.450571962006362e-16
2.437430083128063e-16
2.424349300122073e-16
2.4113293950709293e-16
2.398370142047107e-16
2.385471309976601e-16
2.372632678922212e-16
2.359854026574222e-16
2.3471351205638163e-16
2.3344757422969357e-16
2.321875659125432e-16
2.309334661389382e-16
2.296852525082003e-16
2.284429021750309e-16
2.272063932901146e-16
2.2597570394405945e-16
2.2475081209742476e-16
2.2353169526301446e-16
2.2231833227465995e-16
2.2111070027822656e-16
2.1990877850108979e-16
2.1871254486645573e-16
2.1752197687915754e-16
2.163370530413034e-16
2.1515775319331956e-16
2.1398405420819488e-16
2.1281593462468433e-16
2.1165337455575466e-16
2.1049635034093223e-16
2.093448419012725e-16
2.0819882782031865e-16
2.0705828596584022e-16
2.0592319744272726e-16
2.047935382236294e-16
2.0366928905067746e-16
2.025504279669761e-16
2.0143693394983655e-16
2.0032878746156183e-16
1.9922596553302712e-16
1.981284494272515e-16
1.9703621607805971e-16
1.9594924671668907e-16
1.9486751912116527e-16
1.9379101445334846e-16
1.927197102428376e-16
1.9165358676070657e-16
1.9059262410475884e-16
1.8953680099646048e-16
1.8848609729767933e-16
1.8744049292396704e-16
1.8639996741264008e-16
1.8536450079175262e-16
1.8433407275223276e-16
1.8330866259824982e-16
1.8228825124970025e-16
1.812728187853569e-16
1.8026234409449306e-16
1.7925680854870558e-16
1.7825619163186144e-16
1.7726047364660857e-16
1.7626963446461913e-16
1.7528365574029722e-16
1.7430251619017556e-16
1.7332619778150158e-16
1.723546794046167e-16
1.7138794327812481e-16
1.7042596912212768e-16
1.6946873759781175e-16
1.6851622968537598e-16
1.6756842522035877e-16
1.6662530621696092e-16
1.656868528314841e-16
1.6475304702888527e-16
1.6382386839026467e-16
1.6289929862005178e-16
1.619793191157534e-16
1.6106390987853927e-16
1.6015305426639209e-16
1.592467306158842e-16
1.5834492246824741e-16
1.5744761060497515e-16
1.5655477623572998e-16
1.5566640065887921e-16
1.5478246636707369e-16
1.5390295334873942e-16
1.5302784357721416e-16
1.5215712058334629e-16
1.5129076433513415e-16
1.504287573379999e-16
1.495710806279253e-16
1.4871771645502135e-16
1.4786864738570332e-16
1.4702385478523892e-16
1.4618332118819429e-16
1.4534702785628003e-16
1.4451495797340462e-16
1.4368709365271913e-16
1.4286341603507023e-16
1.4204390909712858e-16
1.4122855382932644e-16
1.4041733285765152e-16
1.3961023030757524e-16
1.3880722616692741e-16
1.3800830553463276e-16
1.3721344902528047e-16
1.364226404440823e-16
1.3563586147088187e-16
1.3485309670077025e-16
1.340743274702763e-16
1.3329953792789383e-16
1.3252870977553127e-16
1.3176182660047462e-16
1.3099887176175058e-16
