6.794094496679529e-06
4.944454050292062e-06
4.502591729179572e-06
5.517449812572682e-06
5.363169391161108e-06
3.566733413168612e-06
1.5512744551057235e-06
3.726910289449844e-06
4.546179614958731e-06
3.1753249450443007e-06
3.3475797362414345e-07
2.0664403194336437e-06
1.8706126284881133e-06
5.811338246835346e-07
2.2783185546578325e-06
3.0654567773269856e-06
2.325793381672329e-06
4.2707530961847605e-07
2.2116938183021093e-06
2.997303853872019e-06
2.315750525210477e-06
4.48424094248884e-07
2.1558540902723076e-06
3.1216539846746648e-06
2.8262542856216883e-06
1.7531124589976133e-06
6.351724466428655e-07
1.6811927621452618e-06
1.4104596249578915e-06
6.610771139385227e-07
1.5400664650479729e-06
2.070625970437941e-06
1.7753274247231698e-06
4.141764326011031e-07
2.025776820138602e-06
2.884511535554262e-06
2.4109349329989116e-06
7.53928622128268e-07
1.9683990810991143e-06
3.164574263310834e-06
3.0198345273329533e-06
1.6851009447006267e-06
7.803306776267379e-07
1.778761436523194e-06
1.5625270882333577e-06
7.872781072715357e-07
1.0330615035043951e-06
1.496069658284938e-06
7.729222013737103e-07
9.665359027470705e-07
1.4557682129087094e-06
1.1604524344788281e-06
3.2010209353780704e-07
9.095821145324117e-07
3.0548243478884887e-07
1.5403613057932762e-06
1.8694791219599653e-06
1.0110436938874158e-06
1.0616313271416793e-06
1.61560103252638e-06
1.106046035892477e-06
1.0058004981188795e-06
1.5012534558631674e-06
1.6045109160850275e-06
1.1693336289951834e-06
7.729392826804561e-07
1.0496411310584867e-06
7.002277914918659e-07
7.581397509281477e-07
1.039531853788674e-06
2.0233980756449257e-07
1.6604060593556144e-06
2.1673557448462755e-06
1.527408900327431e-06
8.204685832782004e-07
1.5603991679088998e-06
2.3712643781700633e-06
1.9493533959912115e-06
7.802194680589921e-07
1.4806147944191445e-06
2.2626705475691858e-06
2.2471977883966184e-06
1.135032789441426e-06
1.0067721965238348e-06
1.756119202278664e-06
1.3928560394466522e-06
7.792657328415947e-07
1.3800637423444132e-06
1.913985095637051e-06
1.39922229933589e-06
4.00092064842521e-07
1.4771074620250425e-06
1.8626414990319281e-06
1.0102077829468722e-06
9.653217362081602e-07
1.5227159686429837e-06
8.628956620492883e-07
9.972550425279865e-07
1.3696640957250431e-06
7.887105747166071e-07
