5.751640665395982847e-13
2.350667693887719817e-13
1.182889865862829569e-10
6.617982944625667131e-12
4.194320630990533379e-13
5.143337389177282246e-12
3.744756194576675351e-13
4.833525156311947078e-11
1.197203485613630750e-12
5.407549188999046808e-13
3.725444362462304031e-13
2.049813016579482266e-13
2.058929056121010012e-13
2.033041641522974961e-13
2.008272166859570520e-13
1.984572555798532209e-13
1.961896796499075714e-13
1.940200852420238827e-13
1.919442579252287254e-13
1.899581643859679141e-13
1.880579444572043431e-13
1.862399037513567621e-13
1.845005067576482856e-13
1.828363695939534417e-13
1.812442537828930057e-13
1.797210600581594976e-13
1.782638222464680871e-13
1.768697015062943668e-13
1.755359809789329584e-13
1.742600604516587352e-13
1.730394515030402080e-13
1.718717726830787097e-13
1.707547446131032848e-13
1.696861859115927996e-13
1.686640089939024098e-13
1.676862159334842987e-13
1.667508944627392683e-13
1.658562147094091569e-13
1.650004253253343876e-13
1.641818501840915554e-13
1.633988850930828434e-13
1.626499948236370314e-13
1.619337101736290159e-13
1.612486250587339215e-13
1.605933937039577766e-13
1.599667283678873227e-13
1.593673964498684121e-13
1.587942183671386252e-13
1.582460652508493391e-13
1.577218567884100327e-13
1.572205590420422141e-13
1.567411824812879998e-13
1.562827801887753192e-13
1.558444459529030250e-13
1.554253124027007805e-13
1.550245496633680920e-13
1.546413633601575877e-13
1.542749932381686804e-13
1.539247118664999197e-13
1.535898230963121846e-13
1.532696606649694522e-13
1.529635870034044492e-13
1.526709918963828226e-13
1.523912913807113370e-13
1.521239267065117275e-13
1.518683631173274074e-13
1.516240888809364575e-13
1.513906142494200237e-13
1.511674705543219706e-13
1.509542093506335730e-13
1.507504014714432053e-13
1.505556362286973597e-13
1.503695205807269151e-13
1.501916784999149159e-13
1.500217500839369727e-13
1.498593908736851629e-13
1.497042714224871962e-13
1.495560763681719822e-13
1.494145039189845792e-13
1.492792653693609537e-13
1.491500844101153405e-13
1.490266966480324075e-13
1.489088491284929384e-13
1.487962997655220560e-13
1.486888169061422132e-13
1.485861789475715353e-13
1.484881738219350797e-13
1.483945986076627657e-13
1.483052591734467616e-13
1.482199697633851386e-13
1.481385526008741611e-13
1.480608376501950077e-13
1.479866622235564821e-13
1.479158706470528341e-13
1.478483139340467190e-13
1.477838496143939130e-13
1.477223413531432924e-13
1.476636587087867363e-13
1.476076769180523184e-13
1.475542765803315707e-13
1.475033434983813049e-13
1.474547684219432882e-13
1.474084467928039622e-13
1.473642786307940460e-13
1.473221682801524124e-13
1.472820242560571247e-13
1.472437590158586767e-13
1.472072888523137153e-13
1.471725336718038778e-13
1.471394168376091479e-13
1.471078651047320673e-13
1.470778083623328824e-13
1.470491796036623576e-13
1.470219146822401160e-13
1.469959522605863049e-13
1.469712337500373141e-13
1.469477030049716773e-13
1.469253063940556217e-13
1.469039926471066378e-13
1.468837126771292611e-13
1.468644195619816670e-13
1.468460684374190315e-13
1.468286164205457251e-13
1.468120224772385671e-13
1.467962473987630947e-13
1.467812536609108238e-13
1.467670054248889325e-13
1.467534684090759392e-13
1.467406098327765762e-13
1.467283983657504942e-13
1.467168040490105520e-13
1.467057982545965390e-13
1.466953536038387354e-13
1.466854439342175241e-13
1.466760442591857332e-13
1.466671306576738106e-13
1.466586802826092436e-13
1.466506713000884669e-13
1.466430828669856323e-13
1.466358950247160420e-13
1.466290887390517125e-13
1.466226457860887671e-13
1.466165487959001706e-13
1.466107811374206530e-13
1.466053269389551742e-13
1.466001710169225958e-13
1.465952989098376119e-13
1.465906967723421178e-13
1.465863513632870736e-13
1.465822500866516411e-13
1.465783808932430370e-13
1.465747322337745816e-13
1.465712931358312342e-13
1.465680531279954626e-13
1.465650021611732233e-13
1.465621306630967529e-13
1.465594295341143223e-13
1.465568900416960073e-13
1.465545038614124754e-13
1.465522630694833424e-13
1.465501600771587129e-13
1.465481876528580753e-13
1.465463389243222642e-13
1.465446073001335636e-13
1.465429865096472655e-13
1.465414705529912674e-13
1.465400537270366103e-13
1.465387306092929276e-13
1.465374959944282399e-13
1.465363449462452206e-13
1.465352727523775324e-13
1.465342749149005650e-13
1.465333471630689260e-13
1.465324854105452611e-13
1.465316857658141013e-13
1.465309445336376335e-13
1.465302581832279264e-13
1.465296233741933619e-13
1.465290368955783412e-13
1.465284957117256136e-13
1.465279969576969702e-13
1.465275378369105018e-13
1.465271157452462406e-13
1.465267281895267643e-13
1.465263728103797984e-13
1.465260473473305278e-13
1.465257496936197560e-13
1.465254777631191323e-13
1.465252296539237630e-13
1.465250035294070071e-13
1.465247976309159110e-13
1.465246103079129658e-13
1.465244400203068691e-13
1.465242852529440668e-13
1.465241446054275225e-13
1.465240167260347602e-13
1.465239003470566621e-13
1.465237942772403075e-13
1.465236973905919945e-13
1.465236086118430146e-13
1.465235269035899570e-13
1.465234513111983384e-13
1.465233809256169361e-13
1.465233148893623523e-13
1.465232523748830962e-13
1.465231926109916750e-13
1.465231349074955328e-13
1.465230785707252941e-13
1.465230229551957378e-13
1.465229674603412004e-13
1.465229115017679947e-13
1.465228545639002108e-13
1.465227961435462721e-13
1.465227357627160952e-13
1.465226729770828539e-13
1.465226073818171924e-13
1.465225385915494007e-13
1.465224662470889701e-13
1.465223900141519900e-13
1.465223095708667522e-13
1.465222246428762439e-13
1.465221349336008998e-13
1.465220402115812563e-13
1.465219402469381967e-13
1.465218348206287263e-13
1.465217237444014768e-13
1.465216068181863026e-13
1.465214838567570223e-13
1.465213547492225373e-13
1.465212193209768037e-13
1.465210774860968899e-13
1.465209290893494848e-13
1.465207740824178803e-13
1.465206123234479977e-13
1.465204437661305211e-13
1.465202683451136132e-13
1.465200859700230462e-13
1.465198965983376773e-13
1.465197001938796641e-13
1.465194967097644911e-13
1.465192861286438574e-13
1.465190684133900814e-13
1.465188435872028681e-13
1.465186116083764919e-13
1.465183724943616920e-13
1.465181262332525506e-13
1.465178728588824409e-13
1.465176123619116033e-13
1.465173447794983145e-13
1.465170700846788041e-13
1.465167883522020982e-13
1.465164996115560952e-13
1.465162038755377850e-13
1.465159011728096272e-13
1.465155915851336845e-13
1.465152751077759080e-13
1.465149518009059628e-13
1.465146217200738434e-13
1.465142849240936110e-13
1.465139414468594507e-13
1.465135913646911434e-13
1.465132347054672353e-13
1.465128715383453572e-13
1.465125019247727752e-13
1.465121259143482922e-13
1.465117435874687492e-13
1.465113550034142035e-13
1.465109602165946005e-13
1.465105592943069697e-13
1.465101523031754993e-13
1.465097392891495574e-13
1.465093203649817272e-13
1.465088955589216101e-13
1.465084649360860514e-13
1.465080285844787076e-13
1.465075865729764757e-13
1.465071389695563457e-13
1.465066858385121474e-13
1.465062272411295127e-13
1.465057632518146856e-13
1.465052939416988880e-13
1.465048193614486490e-13
1.465043396121444144e-13
1.465038547091978507e-13
1.465033647603244685e-13
1.465028698352931460e-13
1.465023699887892861e-13
1.465018652734676250e-13
1.465013557973949377e-13
1.465008415874397761e-13
1.465003227443311959e-13
1.464997993166080989e-13
1.464992713618657625e-13
1.464987389563279160e-13
1.464982021786337174e-13
1.464976610795486000e-13
1.464971157016857444e-13
1.464965661397225453e-13
1.464960124179318361e-13
1.464954546042719012e-13
1.464948927827943428e-13
1.464943270159626063e-13
1.464937573511040798e-13
1.464931838546110137e-13
1.464926065817952802e-13
1.464920255891773622e-13
1.464914409228141146e-13
1.464908526488194778e-13
1.464902608208868843e-13
1.464896655070487083e-13
1.464890667503119045e-13
1.464884646039350854e-13
1.464878591235434966e-13
1.464872503492282609e-13
1.464866383650363864e-13
1.464860232000924408e-13
1.464854048953347963e-13
1.464847835116387004e-13
1.464841591048644919e-13
1.464835317202516650e-13
1.464829014008499874e-13
1.464822681958741814e-13
1.464816321729540117e-13
1.464809933530680540e-13
1.464803517861371682e-13
1.464797075074825824e-13
1.464790605835669006e-13
1.464784110305034589e-13
1.464777589234322303e-13
1.464771042742477226e-13
1.464764471337199132e-13
1.464757875558790338e-13
1.464751255811767105e-13
1.464744612325827806e-13
1.464737945882698762e-13
1.464731256512722719e-13
1.464724544775112696e-13
1.464717810857751884e-13
1.464711055320154712e-13
1.464704278286572703e-13
1.464697480127381481e-13
1.464690661607540348e-13
1.464683822439413958e-13
1.464676963403656791e-13
1.464670084782204957e-13
1.464663186866689352e-13
1.464656270105692133e-13
1.464649334605256653e-13
1.464642380856345452e-13
1.464635409046605947e-13
1.464628419519451632e-13
1.464621412748382316e-13
1.464614388824367168e-13
1.464607348048306262e-13
1.464600290799938557e-13
1.464593217490444864e-13
1.464586128032414598e-13
1.464579023134233996e-13
1.464571902627524549e-13
1.464564766999547083e-13
1.464557616458322831e-13
1.464550451405696780e-13
1.464543272153263940e-13
1.464536078682021976e-13
1.464528871506962764e-13
1.464521650897375649e-13
1.464514416733232857e-13
1.464507169425762150e-13
1.464499909284324484e-13
1.464492636592805022e-13
1.464485351422764684e-13
1.464478054132319813e-13
1.464470744636580394e-13
1.464463423273009258e-13
1.464456090690504452e-13
1.464448746599501266e-13
1.464441391357937824e-13
1.464434024907752956e-13
1.464426647690492177e-13
1.464419260003511369e-13
1.464411862005954951e-13
1.464404454028189288e-13
1.464397035938902235e-13
1.464389607946287941e-13
1.464382170233101624e-13
1.464374722999382758e-13
1.464367266555794109e-13
1.464359800939859453e-13
1.464352326453984138e-13
1.464344843016217255e-13
1.464337350880723981e-13
1.464329850206943329e-13
1.464322341357889649e-13
1.464314824367222438e-13
1.464307299302999313e-13
1.464299766209222053e-13
1.464292225501498174e-13
1.464284677048779328e-13
1.464277121100331171e-13
1.464269558385680656e-13
1.464261987900158768e-13
1.464254410393746804e-13
1.464246826137483738e-13
1.464239234838104661e-13
1.464231636983010247e-13
1.464224032604343362e-13
1.464216421882635012e-13
1.464208804672881203e-13
1.464201181201364099e-13
1.464193551807906297e-13
1.464185916587060034e-13
1.464178275548483493e-13
1.464170628876476037e-13
1.464162976571524109e-13
1.464155318664733317e-13
1.464147655287690707e-13
1.464139986603521859e-13
1.464132312850653610e-13
1.464124634154254833e-13
1.464116950216354968e-13
1.464109261363139291e-13
1.464101567952942755e-13
1.464093869926659864e-13
1.464086167120799257e-13
1.464078459548035973e-13
1.464070747850014325e-13
1.464063031937154552e-13
1.464055311896759701e-13
1.464047587629051614e-13
1.464039859086518650e-13
1.464032126446778713e-13
1.464024390055402608e-13
1.464016649874965512e-13
1.464008905945572608e-13
1.464001158317286397e-13
1.463993407241256464e-13
1.463985652377820758e-13
1.463977894185607865e-13
1.463970132776794562e-13
1.463962367731333748e-13
1.463954599739577671e-13
1.463946828420010728e-13
1.463939054109644145e-13
1.463931276621030433e-13
1.463923496311067684e-13
1.463915712975760508e-13
1.463907926728335055e-13
1.463900137481879303e-13
1.463892345713742703e-13
1.463884551386388603e-13
1.463876754583004847e-13
1.463868955206440627e-13
1.463861153433028695e-13
1.463853348859165094e-13
1.463845541787576772e-13
1.463837732602566472e-13
1.463829921312837160e-13
1.463822107717526167e-13
1.463814291967028249e-13
1.463806473891552771e-13
1.463798654250133364e-13
1.463790831915143222e-13
1.463783007768859779e-13
1.463775181265115629e-13
1.463767353005564509e-13
1.463759523012946060e-13
1.463751691604019110e-13
1.463743858034841127e-13
1.463736023150676948e-13
1.463728186647594244e-13
1.463720348571274246e-13
1.463712508722009432e-13
1.463704667543965600e-13
1.463696824973323020e-13
1.463688980881147234e-13
1.463681135367912618e-13
1.463673288182397643e-13
1.463665439912634627e-13
1.463657590156291130e-13
1.463649739117849742e-13
1.463641886888058751e-13
1.463634033517175538e-13
1.463626178884641457e-13
1.463618323242215975e-13
1.463610466396100076e-13
1.463602608585635168e-13
1.463594749780683736e-13
1.463586890098388973e-13
1.463579029692171576e-13
1.463571168661724885e-13
1.463563306297349240e-13
1.463555442947162773e-13
1.463547578644509435e-13
1.463539713770097791e-13
1.463531848076270198e-13
1.463523981622127610e-13
1.463516114569681356e-13
1.463508246739558605e-13
1.463500378180859824e-13
1.463492508934257674e-13
1.463484638838516557e-13
1.463476768304168020e-13
1.463468897576129771e-13
1.463461026197046257e-13
1.463453154240981547e-13
1.463445281674807269e-13
1.463437408872964266e-13
1.463429535806661515e-13
1.463421662392727578e-13
1.463413788484937180e-13
1.463405914320609215e-13
1.463398039477006378e-13
1.463390164217254296e-13
1.463382288626721855e-13
1.463374413335635713e-13
1.463366537489950315e-13
1.463358661400013386e-13
1.463350784882955103e-13
1.463342908144129971e-13
1.463335031105186052e-13
1.463327154023832466e-13
1.463319276759842560e-13
1.463311399347681605e-13
1.463303521917210746e-13
1.463295644104240799e-13
1.463287766509322607e-13
1.463279888630044167e-13
1.463272010776558071e-13
1.463264132909662602e-13
1.463256255381811724e-13
1.463248377461893694e-13
1.463240499664242289e-13
1.463232621860880289e-13
1.463224744068840525e-13
1.463216866017180705e-13
1.463208988363124704e-13
1.463201110881046186e-13
1.463193233175002106e-13
1.463185355630397589e-13
1.463177478270510218e-13
1.463169601209196980e-13
1.463161724567743789e-13
1.463153847810310375e-13
1.463145971038961959e-13
1.463138095074618502e-13
1.463130219044047584e-13
1.463122343374307955e-13
1.463114467776938551e-13
1.463106592470310966e-13
1.463098717561204653e-13
1.463090843149986197e-13
1.463082968783566457e-13
1.463075094423474013e-13
1.463067220490879051e-13
1.463059347097040999e-13
1.463051473898085669e-13
1.463043601114570998e-13
1.463035728721151705e-13
1.463027856604656416e-13
1.463019985182446823e-13
1.463012113978131467e-13
1.463004242976764400e-13
1.462996372382674984e-13
1.462988502156459556e-13
1.462980632612392473e-13
1.462972763297842767e-13
1.462964894284248923e-13
1.462957025623152715e-13
1.462949157469911275e-13
1.462941289696089210e-13
1.462933422312896425e-13
1.462925555074474383e-13
1.462917688671077891e-13
1.462909822804321385e-13
1.462901957536574102e-13
1.462894092500162235e-13
1.462886228173711551e-13
1.462878364439599734e-13
1.462870501167648326e-13
1.462862638163359317e-13
1.462854776125789180e-13
1.462846915100928130e-13
1.462839054351668069e-13
1.462831193814592154e-13
1.462823333964107954e-13
1.462815474721586106e-13
1.462807616196536911e-13
1.462799758031702053e-13
1.462791900502617898e-13
1.462784043674759396e-13
1.462776187251788234e-13
1.462768331287123297e-13
1.462760476285006746e-13
1.462752621814300474e-13
1.462744767494968659e-13
1.462736913948783387e-13
1.462729061362577718e-13
1.462721209464159047e-13
1.462713358183346015e-13
1.462705507489669912e-13
1.462697657423069566e-13
1.462689808041446610e-13
1.462681959251379719e-13
1.462674111313790506e-13
1.462666263956323291e-13
1.462658417506458345e-13
1.462650571780036656e-13
1.462642726345567971e-13
1.462634881990486429e-13
1.462627038534097697e-13
1.462619195517550795e-13
1.462611353032081463e-13
1.462603511305781574e-13
1.462595670386685815e-13
1.462587829791263598e-13
1.462579989927838163e-13
1.462572151062822100e-13
1.462564312878699022e-13
1.462556475363531001e-13
1.462548638579043058e-13
1.462540802877808055e-13
1.462532967921738889e-13
1.462525133265439644e-13
1.462517299652939944e-13
1.462509467024538796e-13
1.462501634639271647e-13
1.462493803365290652e-13
1.462485972779672712e-13
1.462478143063894206e-13
1.462470314016494447e-13
1.462462485833527963e-13
1.462454658607012034e-13
1.462446831918844321e-13
1.462439006130754280e-13
1.462431181253384337e-13
1.462423357154051118e-13
1.462415533943933271e-13
1.462407711238826001e-13
1.462399889077190378e-13
1.462392068011055360e-13
1.462384247668857616e-13
1.462376428000365261e-13
1.462368609435202293e-13
1.462360791772693605e-13
1.462352974918517938e-13
1.462345158696749972e-13
1.462337343438479801e-13
1.462329528981269229e-13
1.462321714832812756e-13
1.462313901841757100e-13
1.462306089721543299e-13
1.462298278523808547e-13
1.462290468119329602e-13
1.462282658623256427e-13
1.462274849962654351e-13
1.462267041833122525e-13
1.462259234737462713e-13
1.462251428596510893e-13
1.462243623037821473e-13
1.462235818439968422e-13
1.462228014659462107e-13
1.462220212105204349e-13
1.462212410511140007e-13
1.462204609931365502e-13
1.462196810275280473e-13
1.462189011150461836e-13
1.462181212839011804e-13
1.462173415384135973e-13
1.462165618599240087e-13
1.462157822853762729e-13
1.462150027936486579e-13
1.462142234157778802e-13
1.462134441034203724e-13
1.462126648614717423e-13
1.462118857358644699e-13
1.462111066796265711e-13
1.462103277100210740e-13
1.462095488407128922e-13
1.462087700743555266e-13
1.462079913696390958e-13
1.462072127816363400e-13
1.462064343214164037e-13
1.462056558795234859e-13
1.462048775157537482e-13
1.462040992729432210e-13
1.462033211314697406e-13
1.462025430524084611e-13
1.462017650548449949e-13
1.462009871707316923e-13
1.462002093345534406e-13
1.461994316039928599e-13
1.461986540183631931e-13
1.461978764919355808e-13
1.461970990599714492e-13
1.461963217372715455e-13
1.461955444968803031e-13
1.461947673528473475e-13
1.461939903066729784e-13
1.461932133509280699e-13
1.461924365012916175e-13
1.461916597356299007e-13
1.461908830585406533e-13
1.461901064820710056e-13
1.461893299905875773e-13
1.461885535774104204e-13
1.461877772708647407e-13
1.461870010536237195e-13
1.461862248975032374e-13
1.461854488328918572e-13
1.461846728409358790e-13
1.461838970288059318e-13
1.461831212423702065e-13
1.461823455578738390e-13
1.461815700135976867e-13
1.461807945079641573e-13
1.461800190879426095e-13
1.461792437624751668e-13
1.461784685562249532e-13
1.461776934372183885e-13
1.461769184132440164e-13
1.461761435005606010e-13
1.461753686464559517e-13
1.461745938980656057e-13
1.461738192489089886e-13
1.461730446802313804e-13
1.461722701812611064e-13
1.461714957947670746e-13
1.461707214852346409e-13
1.461699472581251714e-13
1.461691731515428945e-13
1.461683991569351190e-13
1.461676252455028936e-13
1.461668514357049324e-13
1.461660777031707093e-13
1.461653040436045549e-13
1.461645305264593482e-13
1.461637570996762524e-13
1.461629837492827864e-13
1.461622104931827857e-13
1.461614373201158857e-13
1.461606642222403800e-13
1.461598912492101274e-13
1.461591183479333248e-13
1.461583455610178517e-13
1.461575728450549770e-13
1.461568002098368249e-13
1.461560276972775063e-13
1.461552553296689179e-13
1.461544830495878169e-13
1.461537108446906127e-13
1.461529387288992237e-13
1.461521666958113556e-13
1.461513947564131020e-13
1.461506229369990775e-13
1.461498512243810171e-13
1.461490795602082806e-13
1.461483079732156756e-13
1.461475365212213549e-13
1.461467651213412302e-13
1.461459938437532261e-13
1.461452226640523085e-13
1.461444515767012040e-13
1.461436805425386611e-13
1.461429096248109023e-13
1.461421388332916240e-13
1.461413681272529347e-13
1.461405975169577255e-13
1.461398270152357272e-13
1.461390566140698916e-13
1.461382863282361515e-13
1.461375160807883073e-13
1.461367459531601546e-13
1.461359759368577191e-13
1.461352059789925342e-13
1.461344361371338010e-13
1.461336663852290661e-13
1.461328967423368304e-13
1.461321271842670086e-13
1.461313577308359635e-13
1.461305883718005697e-13
1.461298190788762131e-13
1.461290499077705090e-13
1.461282807882236934e-13
1.461275117945211697e-13
1.461267429147185738e-13
1.461259740999660540e-13
1.461252053895568857e-13
1.461244367585605144e-13
1.461236682231135004e-13
1.461228997648534841e-13
1.461221314098017935e-13
1.461213631955518033e-13
1.461205950580142068e-13
1.461198270013729204e-13
1.461190590643018436e-13
1.461182912434225565e-13
1.461175234926348357e-13
1.461167558484923245e-13
1.461159883332913623e-13
1.461152208682839409e-13
1.461144534846717934e-13
1.461136862131857097e-13
1.461129190452649460e-13
1.461121519647528483e-13
1.461113849619680865e-13
1.461106180574560822e-13
1.461098512727338307e-13
1.461090845438312758e-13
1.461083179212112060e-13
1.461075513859197045e-13
1.461067849500051638e-13
1.461060185809191325e-13
1.461052523268573515e-13
1.461044861967770145e-13
1.461037201686080150e-13
1.461029542580549957e-13
1.461021884248411676e-13
1.461014226532350032e-13
1.461006569975927551e-13
1.460998914201614335e-13
1.460991259642980960e-13
1.460983605835469384e-13
1.460975952943638517e-13
1.460968300684648277e-13
1.460960649716249624e-13
1.460952999894336224e-13
1.460945350836952230e-13
1.460937702542541630e-13
1.460930055215620588e-13
1.460922408760411294e-13
1.460914763473856895e-13
1.460907119079964623e-13
1.460899475888356955e-13
1.460891833636695862e-13
1.460884192372712098e-13
1.460876552236682047e-13
1.460868912941334373e-13
1.460861274746731146e-13
1.460853637338099448e-13
1.460846000822548920e-13
1.460838364949097341e-13
1.460830729853912456e-13
1.460823095940483363e-13
1.460815463014250710e-13
1.460807831157336811e-13
1.460800200366862892e-13
1.460792570400568127e-13
1.460784941461786526e-13
1.460777313587862640e-13
1.460769687076460066e-13
1.460762061325547930e-13
1.460754436258475205e-13
1.460746812182261507e-13
1.460739189223645608e-13
1.460731567088389710e-13
1.460723945656454427e-13
1.460716325400348004e-13
1.460708706106565300e-13
1.460701087387548166e-13
1.460693470126852623e-13
1.460685853727528060e-13
1.460678237922138009e-13
1.460670623155206472e-13
1.460663009504618130e-13
1.460655396861258247e-13
1.460647784953620840e-13
1.460640174366501248e-13
1.460632564617958721e-13
1.460624955789816185e-13
1.460617347942047010e-13
1.460609740733156213e-13
1.460602134775947859e-13
1.460594529924338540e-13
1.460586925581336750e-13
1.460579322229011224e-13
1.460571719953892303e-13
1.460564118599276871e-13
1.460556518397867031e-13
1.460548918833290336e-13
1.460541320492986134e-13
1.460533723005342121e-13
1.460526126764339161e-13
1.460518531442163771e-13
1.460510937326937740e-13
1.460503343993557685e-13
1.460495751199563104e-13
1.460488159278213272e-13
1.460480568615872823e-13
1.460472978730863793e-13
1.460465389549771631e-13
1.460457801613386110e-13
1.460450214949249455e-13
1.460442628726953415e-13
1.460435043523964367e-13
1.460427459612456741e-13
1.460419876480301027e-13
1.460412294128698820e-13
1.460404712999335484e-13
1.460397132621724280e-13
1.460389553066098313e-13
1.460381974634940682e-13
1.460374397362996858e-13
1.460366820814518002e-13
1.460359245279389671e-13
1.460351670537778921e-13
1.460344096812696354e-13
1.460336524350756801e-13
1.460328952600908986e-13
1.460321381915550077e-13
1.460313812082348758e-13
1.460306243002051938e-13
1.460298674930336630e-13
1.460291107960397727e-13
1.460283541905748004e-13
1.460275976872358620e-13
1.460268412587954673e-13
1.460260849351109541e-13
1.460253286797362669e-13
1.460245725639097360e-13
1.460238165363690087e-13
1.460230605742023080e-13
1.460223047210849620e-13
1.460215489407187416e-13
1.460207932747014562e-13
1.460200377025050011e-13
1.460192822316021233e-13
1.460185268447148000e-13
1.460177715471465240e-13
1.460170163570026755e-13
1.460162612580077539e-13
1.460155062753106198e-13
1.460147514093995843e-13
1.460139965928415045e-13
1.460132418760933125e-13
1.460124872435588871e-13
1.460117327496483760e-13
1.460109783171879584e-13
1.460102239593880632e-13
1.460094697221945748e-13
1.460087155747486936e-13
1.460079614996123272e-13
1.460072075075505872e-13
1.460064536474258967e-13
1.460056998587169734e-13
1.460049461363809385e-13
1.460041925114717246e-13
1.460034390024157086e-13
1.460026856056045526e-13
1.460019323172432422e-13
1.460011791136166750e-13
1.460004260244672800e-13
1.459996730302524860e-13
1.459989200903605977e-13
1.459981673203158139e-13
1.459974145966968196e-13
1.459966619381532965e-13
1.459959093757183509e-13
1.459951569032389435e-13
1.459944045453640620e-13
1.459936522775219640e-13
1.459929000842904565e-13
1.459921479866844913e-13
1.459913959934106189e-13
1.459906441003946818e-13
1.459898922859626196e-13
1.459891405922996335e-13
1.459883889825405497e-13
1.459876374668998925e-13
1.459868860460937457e-13
1.459861347449852884e-13
1.459853835344562889e-13
1.459846324111598060e-13
1.459838813787188947e-13
1.459831304640662510e-13
1.459823795961228314e-13
1.459816288113047777e-13
1.459808781454399561e-13
1.459801275613136702e-13
1.459793770789695506e-13
1.459786266689675352e-13
1.459778763686869589e-13
1.459771261778032148e-13
1.459763760765475495e-13
1.459756260511180275e-13
1.459748761074825014e-13
1.459741262727070034e-13
1.459733765330118628e-13
1.459726268940469391e-13
1.459718773581883571e-13
1.459711278868215649e-13
1.459703785097533121e-13
1.459696292500615034e-13
1.459688800735063194e-13
1.459681310128133958e-13
1.459673820656149129e-13
1.459666332126307065e-13
1.459658844040305156e-13
1.459651357255708919e-13
1.459643871514766319e-13
1.459636386582531607e-13
1.459628902733757085e-13
1.459621419840073500e-13
1.459613937773087619e-13
1.459606456641461308e-13
1.459598976384973808e-13
1.459591497040167430e-13
1.459584018739542026e-13
1.459576541157045861e-13
1.459569064513884619e-13
1.459561588720665846e-13
1.459554113996517430e-13
1.459546640329317419e-13
1.459539167356915801e-13
1.459531695236665967e-13
1.459524224121409275e-13
1.459516753982105799e-13
1.459509285022442453e-13
1.459501817117668397e-13
1.459494350289688971e-13
1.459486884225078000e-13
1.459479418865484263e-13
1.459471954398882333e-13
1.459464490865268847e-13
1.459457028441190369e-13
1.459449566413500738e-13
1.459442105863223637e-13
1.459434646352422114e-13
1.459427187404945532e-13
1.459419729368422804e-13
1.459412272669379031e-13
1.459404816684562096e-13
1.459397361232836914e-13
1.459389906927196370e-13
1.459382453760189832e-13
1.459375001586847635e-13
1.459367550079864197e-13
1.459360099667178762e-13
1.459352650089517867e-13
1.459345201393658819e-13
1.459337753907399955e-13
1.459330307312661957e-13
1.459322861371698303e-13
1.459315416521353657e-13
1.459307972453262165e-13
1.459300529087243246e-13
1.459293086966037244e-13
1.459285645892064919e-13
1.459278205574568804e-13
1.459270766237013879e-13
1.459263327685302751e-13
1.459255890272423033e-13
1.459248453846374481e-13
1.459241018239775200e-13
1.459233583624167474e-13
1.459226149889870102e-13
1.459218717273577203e-13
1.459211285199721723e-13
1.459203854038917078e-13
1.459196423987258187e-13
1.459188994683505825e-13
1.459181566437088094e-13
1.459174139011799087e-13
1.459166712175690221e-13
1.459159286752028855e-13
1.459151862224915859e-13
1.459144438487841380e-13
1.459137015663449433e-13
1.459129594343484148e-13
1.459122173690364064e-13
1.459114753916490422e-13
1.459107334894509265e-13
1.459099917015432817e-13
1.459092499931483732e-13
1.459085083527650383e-13
1.459077668401964561e-13
1.459070254413015691e-13
1.459062840946146833e-13
1.459055428688299578e-13
1.459048017342530776e-13
1.459040606668094722e-13
1.459033196485265930e-13
1.459025787534588393e-13
1.459018379237997969e-13
1.459010972216085346e-13
1.459003566127868239e-13
1.458996160983503135e-13
1.458988757046786890e-13
1.458981354049522446e-13
1.458973951926452453e-13
1.458966550373507761e-13
1.458959149965127036e-13
1.458951750394143240e-13
1.458944351247775123e-13
1.458936953440862784e-13
1.458929556853333766e-13
1.458922160979093031e-13
1.458914766142286176e-13
1.458907372130882787e-13
1.458899979296920311e-13
1.458892587352711653e-13
1.458885196007207021e-13
1.458877805447759494e-13
1.458870415973094667e-13
1.458863027562843014e-13
1.458855640188482103e-13
1.458848253398915518e-13
1.458840868070452112e-13
1.458833483235859556e-13
1.458826099043301327e-13
1.458818716162380736e-13
1.458811334333462330e-13
1.458803953152022274e-13
1.458796572865727552e-13
1.458789193496666270e-13
1.458781815286013022e-13
1.458774437774627033e-13
1.458767061604804405e-13
1.458759686185518935e-13
1.458752311347560844e-13
1.458744937767282054e-13
1.458737564921291150e-13
1.458730192810719800e-13
1.458722821769242537e-13
1.458715451586477856e-13
1.458708082304499937e-13
1.458700713818366046e-13
1.458693346415846331e-13
1.458685979866077681e-13
1.458678614468531639e-13
1.458671249853946327e-13
1.458663885896096933e-13
1.458656522867021066e-13
1.458649160872526053e-13
1.458641799689901441e-13
1.458634439735970728e-13
1.458627080837274131e-13
1.458619722912455225e-13
1.458612365866268838e-13
1.458605009597112463e-13
1.458597654131989880e-13
1.458590299779458290e-13
1.458582946161144409e-13
1.458575593347544383e-13
1.458568241185808774e-13
1.458560890383902253e-13
1.458553540485885936e-13
1.458546191495228035e-13
1.458538843285091833e-13
1.458531496094150288e-13
1.458524149628628067e-13
1.458516803663537747e-13
1.458509458909019235e-13
1.458502115172130534e-13
1.458494772184667266e-13
1.458487430231046226e-13
1.458480089711316322e-13
1.458472749841685554e-13
1.458465411074547097e-13
1.458458073062639837e-13
1.458450736211586459e-13
1.458443400033222921e-13
1.458436064737500830e-13
1.458428730242122430e-13
1.458421396742408924e-13
1.458414064427313071e-13
1.458406732930148595e-13
1.458399401969501673e-13
1.458392071997864940e-13
1.458384742837555871e-13
1.458377414616082409e-13
1.458370087242322410e-13
1.458362761089002427e-13
1.458355435803598572e-13
1.458348111464450159e-13
1.458340788007685962e-13
1.458333465581491419e-13
1.458326143996492706e-13
1.458318823382185949e-13
1.458311503343788800e-13
1.458304184217536495e-13
1.458296866204131658e-13
1.458289549222200194e-13
1.458282232858633443e-13
1.458274917717223775e-13
1.458267603527668821e-13
1.458260290043549640e-13
1.458252977181554946e-13
1.458245665769011259e-13
1.458238354989029259e-13
1.458231044830646174e-13
