6.511571982778607783e-13
3.654673972109172375e-13
4.168708076910618757e-10
1.040347062709417923e-11
6.185727410598816500e-13
8.913147225534524936e-12
5.529198190739264594e-13
9.430489148944999277e-11
1.795520306709486897e-12
1.303935787122987583e-12
1.946321881386394536e-12
3.001504266857372716e-13
2.974323933853137630e-13
2.933494790014354807e-13
2.894395262485937988e-13
2.856951580607489138e-13
2.821093134522275651e-13
2.786752336884422681e-13
2.753864496802887573e-13
2.722367694779950856e-13
2.692202661653000376e-13
2.663312665392659195e-13
2.635643405311723249e-13
2.609142901214420375e-13
2.583761398748774909e-13
2.559451273892011858e-13
2.536166939350268266e-13
2.513864756621596322e-13
2.492502954560020452e-13
2.472041547106724895e-13
2.452442259312559668e-13
2.433668453659162568e-13
2.415685054637402866e-13
2.398458487837909133e-13
2.381956613626515025e-13
2.366148665404405115e-13
2.351005187630791113e-13
2.336497987102425150e-13
2.322600072605934392e-13
2.309285604281207084e-13
2.296529843992624757e-13
2.284309110491025760e-13
2.272600732917559914e-13
2.261383007621692215e-13
2.250635155010767293e-13
2.240337283949071174e-13
2.230470349163128426e-13
2.221016116557400613e-13
2.211957130289490644e-13
2.203276678333085128e-13
2.194958759454227495e-13
2.186988053708976831e-13
2.179349893900486426e-13
2.172030237436386177e-13
2.165015637674167264e-13
2.158293222702582265e-13
2.151850665649625228e-13
2.145676163003485671e-13
2.139758415265746490e-13
2.134086602863258229e-13
2.128650365477368891e-13
2.123439783292850924e-13
2.118445356751773465e-13
2.113657989609277495e-13
2.109068972737916371e-13
2.104669966282289042e-13
2.100452984282806124e-13
2.096410378744816335e-13
2.092534826096762711e-13
2.088819313964944677e-13
2.085257126681162502e-13
2.081841832710139469e-13
2.078567273092322376e-13
2.075427550161644109e-13
2.072417015224707049e-13
2.069530257434543200e-13
2.066762097658299064e-13
2.064107574076205702e-13
2.061561933967846151e-13
2.059120626892478394e-13
2.056779293808152951e-13
2.054533759911597052e-13
2.052380027009886774e-13
2.050314264830872294e-13
2.048332804984037960e-13
2.046432134153948114e-13
2.044608887091683195e-13
2.042859839806848702e-13
2.041181904642433582e-13
2.039572124267757626e-13
2.038027664754460074e-13
2.036545811925409011e-13
2.035123966744011067e-13
2.033759638538961268e-13
2.032450440870566962e-13
2.031194088315353544e-13
2.029988391333543552e-13
2.028831252041643224e-13
2.027720660856781677e-13
2.026654692383614896e-13
2.025631501913143681e-13
2.024649322443000222e-13
2.023706460004756615e-13
2.022801292525536226e-13
2.021932265082382487e-13
2.021097888809305875e-13
2.020296736192230702e-13
2.019527440121027656e-13
2.018788689765250792e-13
2.018079229407860577e-13
2.017397855999526380e-13
2.016743416175559935e-13
2.016114805383251414e-13
2.015510964324180952e-13
2.014930878065322615e-13
2.014373574632829523e-13
2.013838121465299074e-13
2.013323625106278239e-13
2.012829230105442927e-13
2.012354115439847561e-13
2.011897494557709008e-13
2.011458613337649416e-13
2.011036749661175253e-13
2.010631210519036304e-13
2.010241332089673530e-13
2.009866477903770973e-13
2.009506037781461453e-13
2.009159426986924399e-13
2.008826084713144099e-13
2.008505473480391772e-13
2.008197077849213768e-13
2.007900404039655858e-13
2.007614978029670980e-13
2.007340345665849308e-13
2.007076071843506523e-13
2.006821738947250446e-13
2.006576946286581480e-13
2.006341310224901028e-13
2.006114462608027367e-13
2.005896050332787177e-13
2.005685734956483202e-13
2.005483191674735492e-13
2.005288109423850306e-13
2.005100189557042851e-13
2.004919145499324391e-13
2.004744702458362388e-13
2.004576597256831025e-13
2.004414577267027666e-13
2.004258399902882786e-13
2.004107832818458074e-13
2.003962652963298754e-13
2.003822646141257123e-13
2.003687607326970931e-13
2.003557339792992444e-13
2.003431654266790228e-13
2.003310369608923905e-13
2.003193312024505608e-13
2.003080314714221804e-13
2.002971217371122072e-13
2.002865866518806935e-13
2.002764114792036942e-13
2.002665820568872320e-13
2.002570848308269340e-13
2.002479067685233802e-13
2.002390353673757207e-13
2.002304586118810106e-13
2.002221649854251945e-13
2.002141434618792764e-13
2.002063834170234424e-13
2.001988746633208825e-13
2.001916074294152326e-13
2.001845723098205096e-13
2.001777603203716967e-13
2.001711627989070043e-13
2.001647714465577076e-13
2.001585782775062904e-13
2.001525756442036642e-13
2.001467562062463976e-13
2.001411128896235048e-13
2.001356389137759907e-13
2.001303278019597569e-13
2.001251732670237173e-13
2.001201693154955644e-13
2.001153101927931707e-13
2.001105903600342237e-13
2.001060044717942613e-13
2.001015474656200183e-13
2.000972143871981100e-13
2.000930005418306639e-13
2.000889014138510705e-13
2.000849126287400804e-13
2.000810300076322311e-13
2.000772495454903244e-13
2.000735673814751553e-13
2.000699798142060188e-13
2.000664832533498696e-13
2.000630742778384235e-13
2.000597496230934826e-13
2.000565061208703466e-13
2.000533407323587444e-13
2.000502505166627800e-13
2.000472326798094142e-13
2.000442845170466094e-13
2.000414034358441153e-13
2.000385869327865084e-13
2.000358326113692887e-13
2.000331381915958203e-13
2.000305014289882262e-13
2.000279201988179420e-13
2.000253924683385441e-13
2.000229162255300266e-13
2.000204896165627748e-13
2.000181107996824758e-13
2.000157780236216562e-13
2.000134895945800341e-13
2.000112438982078133e-13
2.000090393794964201e-13
2.000068745335484011e-13
2.000047479148472332e-13
2.000026581393931301e-13
2.000006038846356921e-13
1.999985838367978897e-13
1.999965967729762384e-13
1.999946414986126040e-13
1.999927168729800892e-13
1.999908218094745212e-13
1.999889552258485362e-13
1.999871160827872824e-13
1.999853034450222939e-13
1.999835163222123145e-13
1.999817538357290913e-13
1.999800150819937740e-13
1.999782992583314049e-13
1.999766054986993317e-13
1.999749330590298373e-13
1.999732811935112291e-13
1.999716491524578131e-13
1.999700362394270080e-13
1.999684417989155136e-13
1.999668651533898837e-13
1.999653057099566505e-13
1.999637628365544560e-13
1.999622360034005226e-13
1.999607246070771958e-13
1.999592281356077148e-13
1.999577460601957442e-13
1.999562779066941020e-13
1.999548231586341397e-13
1.999533813815362368e-13
1.999519521068121686e-13
1.999505349209289067e-13
1.999491294176771816e-13
1.999477351891685738e-13
1.999463518274440574e-13
1.999449790120244593e-13
1.999436163358331674e-13
1.999422634700825487e-13
1.999409200977234227e-13
1.999395858878116762e-13
1.999382605304489443e-13
1.999369437523014867e-13
1.999356352249719865e-13
1.999343346967665841e-13
1.999330419026512901e-13
1.999317565727755951e-13
1.999304784795823854e-13
1.999292073719308370e-13
1.999279430104700248e-13
1.999266851914408878e-13
1.999254336850447859e-13
1.999241882816296527e-13
1.999229488117531890e-13
1.999217150461249075e-13
1.999204868068870420e-13
1.999192639186338081e-13
1.999180462202737252e-13
1.999168335255406030e-13
1.999156256957738232e-13
1.999144225635247212e-13
1.999132239758264024e-13
1.999120298024729189e-13
1.999108398643011352e-13
1.999096540728890337e-13
1.999084722648198747e-13
1.999072943193840810e-13
1.999061201316680747e-13
1.999049495677859286e-13
1.999037825205053943e-13
1.999026189026166744e-13
1.999014585600259770e-13
1.999003014462758822e-13
1.998991474184821474e-13
1.998979964016400039e-13
1.998968483030906071e-13
1.998957030506042117e-13
1.998945605409374287e-13
1.998934206721581958e-13
1.998922833996859764e-13
1.998911486146943667e-13
1.998900162645235818e-13
1.998888862682443941e-13
1.998877585684061211e-13
1.998866330688161244e-13
1.998855097386424128e-13
1.998843884994452270e-13
1.998832692865644280e-13
1.998821520476238674e-13
1.998810367099961635e-13
1.998799232545540015e-13
1.998788115958444846e-13
1.998777016812089134e-13
1.998765934919528494e-13
1.998754869578219560e-13
1.998743820275514826e-13
1.998732786792816516e-13
1.998721768532389956e-13
1.998710764963256530e-13
1.998699775831939453e-13
1.998688800838690007e-13
1.998677839446858364e-13
1.998666891245259925e-13
1.998655956039664516e-13
1.998645033491050263e-13
1.998634123207728415e-13
1.998623224798259881e-13
1.998612337915757404e-13
1.998601462423909352e-13
1.998590598094109894e-13
1.998579744461841631e-13
1.998568901264439125e-13
1.998558068308796042e-13
1.998547245391650316e-13
1.998536432203269155e-13
1.998525628395228221e-13
1.998514834127216439e-13
1.998504048786416618e-13
1.998493272225654827e-13
1.998482504325135786e-13
1.998471744956112094e-13
1.998460993602997390e-13
1.998450250191613506e-13
1.998439514841608552e-13
1.998428787025073781e-13
1.998418066675710295e-13
1.998407353560479493e-13
1.998396647752082040e-13
1.998385948982150737e-13
1.998375256993944302e-13
1.998364571818578439e-13
1.998353893164077173e-13
1.998343220910017415e-13
1.998332555108989557e-13
1.998321895463593793e-13
1.998311241769600978e-13
1.998300594057424034e-13
1.998289952273157130e-13
1.998279315870055035e-13
1.998268685436623131e-13
1.998258060309123191e-13
1.998247440574233233e-13
1.998236826026003510e-13
1.998226216925984705e-13
1.998215612749346521e-13
1.998205013589770293e-13
1.998194419320917865e-13
1.998183830117041163e-13
1.998173245530077291e-13
1.998162665534356337e-13
1.998152090352832353e-13
1.998141519686074189e-13
1.998130953341485429e-13
1.998120391571531350e-13
1.998109834015914313e-13
1.998099280717203019e-13
1.998088731760461664e-13
1.998078186808500806e-13
1.998067645874755818e-13
1.998057108997740278e-13
1.998046576044773841e-13
1.998036046982507505e-13
1.998025521723791202e-13
1.998015000437760998e-13
1.998004482864962437e-13
1.997993968936100967e-13
1.997983458679617989e-13
1.997972951967468882e-13
1.997962448994253642e-13
1.997951949469668679e-13
1.997941453391655128e-13
1.997930960891440569e-13
1.997920471701706169e-13
1.997909985751896208e-13
1.997899503190714880e-13
1.997889024003323774e-13
1.997878547924658557e-13
1.997868075166177372e-13
1.997857605670997414e-13
1.997847139254729200e-13
1.997836675993796312e-13
1.997826216009673989e-13
1.997815758984262718e-13
1.997805304947346352e-13
1.997794853963222734e-13
1.997784405810183580e-13
1.997773960725552076e-13
1.997763518458386394e-13
1.997753079333068915e-13
1.997742642873127652e-13
1.997732209272389390e-13
1.997721778564275072e-13
1.997711350687848035e-13
1.997700925723765203e-13
1.997690503574863398e-13
1.997680084294914916e-13
1.997669667575721770e-13
1.997659253557607549e-13
1.997648842356103393e-13
1.997638433910728789e-13
1.997628028154896807e-13
1.997617625036411867e-13
1.997607224605807514e-13
1.997596826834682232e-13
1.997586431636950974e-13
1.997576038794695018e-13
1.997565648804148515e-13
1.997555261591775997e-13
1.997544876823982956e-13
1.997534494696380894e-13
1.997524114904951401e-13
1.997513737754487865e-13
1.997503363080625500e-13
1.997492991010270188e-13
1.997482621220933069e-13
1.997472254092263486e-13
1.997461889447424321e-13
1.997451527279504647e-13
1.997441167459140364e-13
1.997430810198763004e-13
1.997420455471643941e-13
1.997410103051303102e-13
1.997399753092968875e-13
1.997389405615061730e-13
1.997379060474007217e-13
1.997368717522371648e-13
1.997358377110462783e-13
1.997348039021741458e-13
1.997337703324550039e-13
1.997327369892519824e-13
1.997317038936275664e-13
1.997306710242724395e-13
1.997296384029804933e-13
1.997286060074385511e-13
1.997275738496413628e-13
1.997265419242900803e-13
1.997255102294534964e-13
1.997244787760934202e-13
1.997234475437135289e-13
1.997224165281389686e-13
1.997213857596359467e-13
1.997203552056624238e-13
1.997193249051498844e-13
1.997182948067493654e-13
1.997172649553542973e-13
1.997162353107486772e-13
1.997152059039649554e-13
1.997141767051827254e-13
1.997131477676283132e-13
1.997121190409806729e-13
1.997110905467355952e-13
1.997100622727011528e-13
1.997090342330109816e-13
1.997080064009011389e-13
1.997069788053911541e-13
1.997059514380190363e-13
1.997049242718406039e-13
1.997038973431256113e-13
1.997028706322259188e-13
1.997018441556151385e-13
1.997008178854717237e-13
1.996997918560877990e-13
1.996987660460695322e-13
1.996977404545970887e-13
1.996967150628483481e-13
1.996956899072361960e-13
1.996946649871704886e-13
1.996936402743141052e-13
1.996926157793425679e-13
1.996915915092346831e-13
1.996905674572787969e-13
1.996895436366877111e-13
1.996885200124962325e-13
1.996874966146177394e-13
1.996864734248928306e-13
1.996854504669103909e-13
1.996844277165199926e-13
1.996834051780847561e-13
1.996823828682308905e-13
1.996813607734297468e-13
1.996803388994236265e-13
1.996793172446251143e-13
1.996782958088786595e-13
1.996772745858756468e-13
1.996762535796432551e-13
1.996752327959043487e-13
1.996742122264123395e-13
1.996731918683277071e-13
1.996721717201485108e-13
1.996711517989817735e-13
1.996701321107884817e-13
1.996691126183220060e-13
1.996680933444415666e-13
1.996670742851817552e-13
1.996660554406973906e-13
1.996650368109565397e-13
1.996640183886709860e-13
1.996630001876568015e-13
1.996619821996082022e-13
1.996609644294287981e-13
1.996599468642542747e-13
1.996589295252644743e-13
1.996579123977349107e-13
1.996568954646961633e-13
1.996558787546110405e-13
1.996548622722930832e-13
1.996538459850108241e-13
1.996528299203359996e-13
1.996518140746587316e-13
1.996507984250801426e-13
1.996497829883981481e-13
1.996487677897412120e-13
1.996477527912194739e-13
1.996467380043092067e-13
1.996457234208747931e-13
1.996447090542503301e-13
1.996436948965216117e-13
1.996426809722919095e-13
1.996416672573915855e-13
1.996406537334746634e-13
1.996396404263251564e-13
1.996386273421549468e-13
1.996376144709060199e-13
1.996366018061473294e-13
1.996355893506323911e-13
1.996345771011225080e-13
1.996335650910399624e-13
1.996325532654498944e-13
1.996315416607227297e-13
1.996305302503078337e-13
1.996295190628299268e-13
1.996285080867213040e-13
1.996274973360481759e-13
1.996264867915503707e-13
1.996254764566941308e-13
1.996244663244355973e-13
1.996234564073322744e-13
1.996224466948976386e-13
1.996214371906007845e-13
1.996204279145601140e-13
1.996194188226914289e-13
1.996184099519616602e-13
1.996174012971265110e-13
1.996163928518582061e-13
1.996153846153172461e-13
1.996143765778605448e-13
1.996133687711928889e-13
1.996123611725348028e-13
1.996113537957217203e-13
1.996103466188466586e-13
1.996093396465126778e-13
1.996083328874573780e-13
1.996073263281343135e-13
1.996063199717681963e-13
1.996053138333435717e-13
1.996043078965671174e-13
1.996033021804678496e-13
1.996022966739812179e-13
1.996012913673220403e-13
1.996002862751357907e-13
1.995992813850138512e-13
1.995982766966819254e-13
1.995972722362724382e-13
1.995962679895366430e-13
1.995952639510336211e-13
1.995942601032740863e-13
1.995932564691019107e-13
1.995922530490908043e-13
1.995912498429592512e-13
1.995902468436486500e-13
1.995892440342783116e-13
1.995882414460484294e-13
1.995872390718001095e-13
1.995862369138155455e-13
1.995852349488928363e-13
1.995842331911981818e-13
1.995832316387273453e-13
1.995822303058722293e-13
1.995812291812557179e-13
1.995802282527920580e-13
1.995792275444631260e-13
1.995782270269601266e-13
1.995772267066168682e-13
1.995762266109187289e-13
1.995752267209209300e-13
1.995742270434944374e-13
1.995732275784903393e-13
1.995722283362950941e-13
1.995712292941208451e-13
1.995702304554046026e-13
1.995692318246713484e-13
1.995682334004330511e-13
1.995672351808548328e-13
1.995662371646182482e-13
1.995652393510442458e-13
1.995642417505346572e-13
1.995632443340392819e-13
1.995622471419318697e-13
1.995612501554669144e-13
1.995602533823687149e-13
1.995592568148840432e-13
1.995582604544898994e-13
1.995572643151495002e-13
1.995562683705050211e-13
1.995552726426122305e-13
1.995542770941122410e-13
1.995532817731235988e-13
1.995522866406034700e-13
1.995512917285788498e-13
1.995502970093960869e-13
1.995493025062492820e-13
1.995483082144141556e-13
1.995473141324867120e-13
1.995463202439433569e-13
1.995453265736881389e-13
1.995443330978315731e-13
1.995433398372507306e-13
1.995423467943835073e-13
1.995413539396338362e-13
1.995403612905535569e-13
1.995393688589946672e-13
1.995383766261616535e-13
1.995373846033700123e-13
1.995363927803932539e-13
1.995354011765696027e-13
1.995344097654699466e-13
1.995334185685181574e-13
1.995324275816902871e-13
1.995314367872013468e-13
1.995304462055491992e-13
1.995294558234302920e-13
1.995284656348910100e-13
1.995274756651741195e-13
1.995264858976793870e-13
1.995254963412477093e-13
1.995245069808331233e-13
1.995235178467128426e-13
1.995225289091039728e-13
1.995215401760418386e-13
1.995205516545553293e-13
1.995195633319962657e-13
1.995185752165119276e-13
1.995175873012729253e-13
1.995165995867391960e-13
1.995156120798635454e-13
1.995146247709012315e-13
1.995136376760481365e-13
1.995126507836795053e-13
1.995116640779150503e-13
1.995106775935369742e-13
1.995096913174991836e-13
1.995087052406010360e-13
1.995077193510407683e-13
1.995067336802169885e-13
1.995057482217113726e-13
1.995047629487198407e-13
1.995037779020310961e-13
1.995027930474939238e-13
1.995018083916774777e-13
1.995008239494627292e-13
1.994998396951956186e-13
1.994988556429139319e-13
1.994978718073624263e-13
1.994968881881363466e-13
1.994959047484538729e-13
1.994949215279078710e-13
1.994939384972196864e-13
1.994929556806723762e-13
1.994919730594962511e-13
1.994909906636153169e-13
1.994900084537658585e-13
1.994890264622307905e-13
1.994880446734040712e-13
1.994870630838908474e-13
1.994860816929732175e-13
1.994851004942067309e-13
1.994841195262875013e-13
1.994831387393499523e-13
1.994821581792093582e-13
1.994811778278598489e-13
1.994801976546301338e-13
1.994792177023793919e-13
1.994782379375579873e-13
1.994772583860595157e-13
1.994762790470972871e-13
1.994752999117938773e-13
1.994743209637800062e-13
1.994733422285244960e-13
1.994723636756697325e-13
1.994713853355944588e-13
1.994704072098525669e-13
1.994694292582607696e-13
1.994684515604239423e-13
1.994674740384427900e-13
1.994664967260973212e-13
1.994655196269620981e-13
1.994645427142314505e-13
1.994635660002115076e-13
1.994625894662803809e-13
1.994616131537984389e-13
1.994606370682601927e-13
1.994596611587421336e-13
1.994586854605848517e-13
1.994577099478281841e-13
1.994567346405622344e-13
1.994557595269010020e-13
1.994547846389043999e-13
1.994538099315745398e-13
1.994528354510818981e-13
1.994518611663874108e-13
1.994508870730058799e-13
1.994499131945840231e-13
1.994489395132271179e-13
1.994479660270532322e-13
1.994469927394774650e-13
1.994460196560274718e-13
1.994450467751222997e-13
1.994440741087465255e-13
1.994431016479060494e-13
1.994421293777087678e-13
1.994411573134862493e-13
1.994401854422422060e-13
1.994392137675266383e-13
1.994382422872178259e-13
1.994372710138954874e-13
1.994362999587300701e-13
1.994353290890638179e-13
1.994343584140433521e-13
1.994333879558482355e-13
1.994324176922402898e-13
1.994314476264574293e-13
1.994304777819932191e-13
1.994295081192108194e-13
1.994285386711758208e-13
1.994275694234723647e-13
1.994266003668985715e-13
1.994256315041718337e-13
1.994246628380185302e-13
1.994236943596683704e-13
1.994227260940059655e-13
1.994217580306752251e-13
1.994207901720533090e-13
1.994198225209788796e-13
1.994188550599872379e-13
1.994178877840678676e-13
1.994169207169304693e-13
1.994159538596286328e-13
1.994149872136400652e-13
1.994140207625098094e-13
1.994130545012345436e-13
1.994120884455689181e-13
1.994111225919048978e-13
1.994101569303872496e-13
1.994091914703332413e-13
1.994082262009005414e-13
1.994072611506750962e-13
1.994062963032048518e-13
1.994053316504177291e-13
1.994043671965407855e-13
1.994034029291418003e-13
1.994024388683241807e-13
1.994014750077517454e-13
1.994005113355029759e-13
1.993995478795868771e-13
1.993985845958577579e-13
1.993976215388624091e-13
1.993966586816996891e-13
1.993956960276609277e-13
1.993947335734135726e-13
1.993937713066497779e-13
1.993928092355378765e-13
1.993918473617422261e-13
1.993908856751583137e-13
1.993899242037098968e-13
1.993889629455169873e-13
1.993880018568832545e-13
1.993870409749370363e-13
1.993860803080113544e-13
1.993851198367837868e-13
1.993841595689848927e-13
1.993831995096976878e-13
1.993822396289816822e-13
1.993812799468335784e-13
1.993803204632516348e-13
1.993793611888546511e-13
1.993784021002409991e-13
1.993774432305434932e-13
1.993764845332539489e-13
1.993755260432348180e-13
1.993745677557208759e-13
1.993736096616143978e-13
1.993726517643996753e-13
1.993716940646043489e-13
1.993707365585240287e-13
1.993697792544727030e-13
1.993688221523888531e-13
1.993678652269021317e-13
1.993669085177842047e-13
1.993659519882682216e-13
1.993649956569773330e-13
1.993640395156250410e-13
1.993630835752999784e-13
1.993621278409813342e-13
1.993611723053676139e-13
1.993602169785637848e-13
1.993592618489855825e-13
1.993583069106142631e-13
1.993573521593679700e-13
1.993563976045205017e-13
1.993554432544860378e-13
1.993544891116200791e-13
1.993535351587796811e-13
1.993525814040486863e-13
1.993516278393329024e-13
1.993506744843475914e-13
1.993497213248725827e-13
1.993487683625040511e-13
1.993478156097955125e-13
1.993468630356826595e-13
1.993459106694262742e-13
1.993449585013641862e-13
1.993440065386347663e-13
1.993430547500438795e-13
1.993421031567053059e-13
1.993411517640589546e-13
1.993402005631495755e-13
1.993392495834507035e-13
1.993382988060769074e-13
1.993373482048297254e-13
1.993363977987342610e-13
1.993354475923155719e-13
1.993344976050143462e-13
1.993335477972131814e-13
1.993325981873046283e-13
1.993316487800158696e-13
1.993306995527374197e-13
1.993297505320583845e-13
1.993288016928016812e-13
1.993278530582554683e-13
1.993269046129578197e-13
1.993259563594816839e-13
1.993250083273059222e-13
1.993240604703788544e-13
1.993231128029413004e-13
1.993221653300069826e-13
1.993212180602653363e-13
1.993202709834956019e-13
1.993193240855756042e-13
1.993183774092993180e-13
1.993174309220703292e-13
1.993164846327006054e-13
1.993155385369208565e-13
1.993145926368967772e-13
1.993136469347802538e-13
1.993127014215995776e-13
1.993117561043297934e-13
1.993108109680915963e-13
1.993098660405139244e-13
1.993089213180809067e-13
1.993079768019562960e-13
1.993070324658749116e-13
1.993060883304008555e-13
1.993051443786913288e-13
1.993042006341264522e-13
1.993032570863152740e-13
1.993023137331932507e-13
1.993013705678308766e-13
1.993004275989465920e-13
1.992994848174066749e-13
1.992985422309620309e-13
1.992975998384650124e-13
1.992966576425209810e-13
1.992957156352551611e-13
1.992947738280815495e-13
1.992938322045848217e-13
1.992928907896686980e-13
1.992919495725387087e-13
1.992910085529678639e-13
1.992900677069012827e-13
1.992891270662138430e-13
1.992881866294935469e-13
1.992872463749226475e-13
1.992863063336310854e-13
1.992853664666243680e-13
1.992844268003753546e-13
1.992834873150004843e-13
1.992825480259620114e-13
1.992816089270738022e-13
1.992806700259610495e-13
1.992797313279594820e-13
1.992787928366507556e-13
1.992778545199101823e-13
1.992769163979611264e-13
1.992759784696748226e-13
1.992750407405451760e-13
1.992741031865882907e-13
1.992731658290221774e-13
1.992722286461167853e-13
1.992712916794406916e-13
1.992703549137057973e-13
1.992694183492351946e-13
1.992684819769215915e-13
1.992675457868359178e-13
1.992666097852366298e-13
1.992656739891509305e-13
1.992647383993787878e-13
1.992638029818414865e-13
1.992628677555516599e-13
1.992619327201264641e-13
1.992609978813309201e-13
1.992600632375190979e-13
1.992591287720635263e-13
1.992581945141834868e-13
1.992572604494680180e-13
1.992563265724261684e-13
1.992553929006898754e-13
1.992544594084354932e-13
1.992535261098397484e-13
1.992525929955465993e-13
1.992516600880556715e-13
1.992507273655977110e-13
1.992497948359580302e-13
1.992488625040765897e-13
1.992479303478728067e-13
1.992469984068481653e-13
1.992460666441314077e-13
1.992451350839887790e-13
1.992442037031112190e-13
1.992432725162629727e-13
1.992423415174019463e-13
1.992414107138615925e-13
1.992404800953684686e-13
1.992395496648568595e-13
1.992386194413268776e-13
1.992376893929052859e-13
1.992367595628847709e-13
1.992358299006719342e-13
1.992349004415169432e-13
1.992339711744374909e-13
1.992330421076556032e-13
1.992321132246460705e-13
1.992311845136713239e-13
1.992302559973838390e-13
1.992293276673208925e-13
1.992283995463034101e-13
1.992274716179891221e-13
1.992265438733146603e-13
1.992256163209749381e-13
1.992246889584415615e-13
1.992237618028334685e-13
1.992228348355483598e-13
1.992219080647809224e-13
1.992209814674585021e-13
1.992200550808963149e-13
1.992191288721346162e-13
1.992182028618617565e-13
1.992172770262063001e-13
1.992163513871692368e-13
1.992154259442136363e-13
1.992145006837817438e-13
1.992135756186031237e-13
1.992126507452574013e-13
1.992117260724845245e-13
1.992108015885942562e-13
1.992098772896601642e-13
1.992089531710401114e-13
1.992080292474730740e-13
1.992071055089770206e-13
1.992061819789077119e-13
1.992052586226456147e-13
1.992043354558535686e-13
1.992034124834694642e-13
1.992024896910353870e-13
1.992015671007748993e-13
1.992006446937089416e-13
1.991997224961872101e-13
1.991988004724336887e-13
1.991978786567630950e-13
1.991969570137600422e-13
1.991960355658522372e-13
1.991951143210219427e-13
1.991941932634706350e-13
1.991932723932566266e-13
1.991923517015072393e-13
1.991914311984638313e-13
1.991905108952348517e-13
1.991895907814074122e-13
1.991886708505152515e-13
1.991877511099107300e-13
1.991868315513826007e-13
1.991859121878701264e-13
1.991849930240614884e-13
1.991840740386120292e-13
1.991831552455653156e-13
1.991822366422212472e-13
1.991813182180936032e-13
1.991803999993128647e-13
1.991794819622144667e-13
1.991785641175309313e-13
1.991776464573091520e-13
1.991767289884106033e-13
1.991758117147315259e-13
1.991748946259969119e-13
1.991739777304150294e-13
1.991730610079327312e-13
1.991721444891838466e-13
1.991712281478276915e-13
1.991703119979768991e-13
1.991693960331379703e-13
1.991684802521054500e-13
1.991675646659478771e-13
1.991666492691082123e-13
1.991657340638328540e-13
1.991648190496368736e-13
1.991639042183747835e-13
1.991629895744054885e-13
1.991620751334621565e-13
1.991611608633429554e-13
1.991602467904402933e-13
1.991593329106778166e-13
1.991584192052120239e-13
1.991575057033416634e-13
1.991565923751789035e-13
1.991556792259113438e-13
1.991547662752266049e-13
1.991538535132874021e-13
1.991529409430509665e-13
1.991520285487203396e-13
1.991511163405495520e-13
1.991502043319633250e-13
1.991492925045955882e-13
1.991483808591490465e-13
1.991474693980193882e-13
1.991465581351300463e-13
1.991456470457830101e-13
1.991447361611959416e-13
1.991438254789195350e-13
1.991429149840844060e-13
1.991420046543864906e-13
1.991410945152850440e-13
1.991401845631983347e-13
1.991392748110072622e-13
1.991383652379277524e-13
1.991374558340985392e-13
1.991365466171378274e-13
1.991356375906143480e-13
1.991347287581772833e-13
1.991338200959426008e-13
1.991329116316570503e-13
1.991320033673709633e-13
1.991310952804343889e-13
1.991301873985251113e-13
1.991292796809854669e-13
1.991283721471027891e-13
1.991274648166399242e-13
1.991265576523387067e-13
1.991256506869656165e-13
1.991247439228907199e-13
1.991238373290375674e-13
1.991229309286633688e-13
1.991220247122138446e-13
1.991211186798289452e-13
1.991202128309809541e-13
1.991193071687672547e-13
1.991184016890022648e-13
1.991174964061165853e-13
1.991165912987142889e-13
1.991156863763497561e-13
1.991147816455540482e-13
1.991138770917084747e-13
1.991129727245226890e-13
1.991120685299035206e-13
1.991111645486447717e-13
1.991102607507870957e-13
1.991093571149742986e-13
1.991084536866013748e-13
1.991075504452885006e-13
1.991066473929005682e-13
1.991057445492381127e-13
1.991048418868006350e-13
1.991039394001444649e-13
1.991030371117039230e-13
1.991021350005500371e-13
1.991012330755545769e-13
1.991003313234133337e-13
1.990994297671257051e-13
1.990985284010512976e-13
1.990976271969096119e-13
1.990967261845671744e-13
1.990958253607921544e-13
1.990949247094655361e-13
1.990940242423748452e-13
1.990931239658248602e-13
1.990922238669758030e-13
1.990913239789497850e-13
1.990904242506935709e-13
1.990895247290631259e-13
1.990886253809448709e-13
1.990877262228853466e-13
1.990868272534245924e-13
1.990859284718711873e-13
1.990850298637315225e-13
1.990841314450153850e-13
1.990832331921309617e-13
1.990823351333639015e-13
1.990814372607577914e-13
1.990805395602938030e-13
1.990796420451942045e-13
1.990787447332441615e-13
1.990778475959476452e-13
1.990769506554141423e-13
1.990760538828487908e-13
1.990751572862700526e-13
1.990742608916027244e-13
1.990733646757793521e-13
1.990724686373129643e-13
1.990715727833839877e-13
1.990706771240854747e-13
1.990697816562538533e-13
1.990688863715747314e-13
1.990679912571957853e-13
1.990670963263209308e-13
1.990662015890339309e-13
1.990653070382210020e-13
1.990644126675560097e-13
1.990635184693163213e-13
1.990626244558402768e-13
1.990617306419127702e-13
1.990608370064275190e-13
1.990599435632623912e-13
1.990590502849657596e-13
1.990581571825352790e-13
1.990572642607957743e-13
1.990563715276171490e-13
1.990554789729744325e-13
1.990545866191883243e-13
1.990536944407374196e-13
1.990528024545000855e-13
1.990519106487668744e-13
1.990510190304455574e-13
1.990501275880530207e-13
1.990492363311148671e-13
1.990483452572638827e-13
1.990474543717417391e-13
1.990465636537379069e-13
1.990456731278583082e-13
1.990447827933083267e-13
1.990438926400936879e-13
1.990430026600001409e-13
1.990421128671000303e-13
1.990412232516819104e-13
1.990403338184258594e-13
1.990394445666873085e-13
1.990385555030736305e-13
1.990376666159745599e-13
1.990367779240654509e-13
1.990358894083836020e-13
1.990350010720364687e-13
1.990341129181227978e-13
1.990332249376760554e-13
1.990323371636371543e-13
1.990314495636566128e-13
1.990305621385035513e-13
1.990296748973886088e-13
1.990287878314687429e-13
1.990279009476554102e-13
1.990270142559972595e-13
1.990261277486399628e-13
1.990252414171473782e-13
1.990243552623344938e-13
1.990234693100314682e-13
1.990225835303807365e-13
