5.162698435938328778e-01
5.162698435938328778e-01
5.162698435938328778e-01
5.162698435938328778e-01
5.162698435938328778e-01
7.003236121074031583e-04
7.003236121074031583e-04
7.003236121074031583e-04
7.003236121074031583e-04
7.003236121074031583e-04
4.598589987190274621e-06
4.598589987190274621e-06
4.598589987190274621e-06
4.598589987190274621e-06
4.598589987190274621e-06
4.140180364561760830e-06
4.140180364561760830e-06
4.140180364561760830e-06
4.140180364561760830e-06
4.140180364561760830e-06
3.607727284282151830e-06
3.607727284282151830e-06
3.607727284282151830e-06
3.607727284282151830e-06
3.607727284282151830e-06
2.927832403321676499e-06
2.927832403321676499e-06
2.927832403321676499e-06
2.927832403321676499e-06
2.927832403321676499e-06
2.154148802274340894e-06
2.154148802274340894e-06
2.154148802274340894e-06
2.154148802274340894e-06
2.154148802274340894e-06
1.389833088704520478e-06
1.389833088704520478e-06
1.389833088704520478e-06
1.389833088704520478e-06
1.389833088704520478e-06
7.616967711780543568e-07
7.616967711780543568e-07
7.616967711780543568e-07
7.616967711780543568e-07
7.616967711780543568e-07
3.439587200131513312e-07
3.439587200131513312e-07
3.439587200131513312e-07
3.439587200131513312e-07
3.439587200131513312e-07
1.138236844825430292e-07
1.138236844825430292e-07
1.138236844825430292e-07
1.138236844825430292e-07
1.138236844825430292e-07
2.072720724033134222e-08
2.072720724033134222e-08
2.072720724033134222e-08
2.072720724033134222e-08
2.072720724033134222e-08
1.502729186774917659e-09
1.502729186774917659e-09
1.502729186774917659e-09
1.502729186774917659e-09
1.502729186774917659e-09
2.241720124679687571e-10
2.241720124679687571e-10
2.241720124679687571e-10
2.241720124679687571e-10
2.241720124679687571e-10
2.614308472372000119e-10
2.614308472372000119e-10
2.614308472372000119e-10
2.614308472372000119e-10
2.614308472372000119e-10
1.866082248496876508e-06
1.866082248496876508e-06
1.866082248496876508e-06
1.866082248496876508e-06
1.866082248496876508e-06
1.261611982084269583e-06
1.261611982084269583e-06
1.261611982084269583e-06
1.261611982084269583e-06
1.261611982084269583e-06
6.505974372657979688e-07
6.505974372657979688e-07
6.505974372657979688e-07
6.505974372657979688e-07
6.505974372657979688e-07
3.381198396012856865e-10
3.381198396012856865e-10
3.381198396012856865e-10
3.381198396012856865e-10
3.381198396012856865e-10
2.709749024285462956e-10
2.709749024285462956e-10
2.709749024285462956e-10
2.709749024285462956e-10
2.709749024285462956e-10
6.623121578643858875e-10
6.623121578643858875e-10
6.623121578643858875e-10
6.623121578643858875e-10
6.623121578643858875e-10
6.575740762353014881e-09
6.575740762353014881e-09
6.575740762353014881e-09
6.575740762353014881e-09
6.575740762353014881e-09
4.639594714247979619e-09
4.639594714247979619e-09
4.639594714247979619e-09
4.639594714247979619e-09
4.639594714247979619e-09
2.182953032422422256e-09
2.182953032422422256e-09
2.182953032422422256e-09
2.182953032422422256e-09
2.182953032422422256e-09
1.153957917910064420e-08
1.153957917910064420e-08
1.153957917910064420e-08
1.153957917910064420e-08
1.153957917910064420e-08
9.770815777502795697e-10
9.770815777502795697e-10
9.770815777502795697e-10
9.770815777502795697e-10
9.770815777502795697e-10
1.450566815905611422e-08
1.450566815905611422e-08
1.450566815905611422e-08
1.450566815905611422e-08
1.450566815905611422e-08
1.172609487491148535e-09
1.172609487491148535e-09
1.172609487491148535e-09
1.172609487491148535e-09
4.137848657300932783e-09
1.172609487491148535e-09
4.137848657300932783e-09
4.137848657300932783e-09
4.137848657300932783e-09
7.472853052812304055e-11
4.137848657300932783e-09
7.472853052812304055e-11
7.472853052812304055e-11
7.472853052812304055e-11
1.041677527442806109e-09
7.472853052812304055e-11
1.041677527442806109e-09
1.041677527442806109e-09
1.041677527442806109e-09
7.312122919403034149e-11
1.041677527442806109e-09
7.312122919403034149e-11
7.312122919403034149e-11
1.643583227810082590e-10
7.312122919403034149e-11
7.312122919403034149e-11
1.643583227810082590e-10
1.643583227810082590e-10
1.752752905735925207e-10
1.643583227810082590e-10
1.643583227810082590e-10
1.752752905735925207e-10
1.752752905735925207e-10
3.316551584230410046e-11
1.752752905735925207e-10
3.316551584230410046e-11
1.752752905735925207e-10
3.316551584230410046e-11
1.131460271815417222e-10
3.316551584230410046e-11
1.131460271815417222e-10
1.131460271815417222e-10
3.316551584230410046e-11
5.557843946349720745e-10
1.131460271815417222e-10
5.557843946349720745e-10
5.557843946349720745e-10
1.131460271815417222e-10
2.402437069515265794e-11
5.557843946349720745e-10
2.402437069515265794e-11
2.402437069515265794e-11
5.557843946349720745e-10
3.038860909392588568e-10
2.402437069515265794e-11
3.038860909392588568e-10
3.038860909392588568e-10
8.874307952445024970e-11
2.402437069515265794e-11
3.038860909392588568e-10
8.874307952445024970e-11
8.874307952445024970e-11
4.385592946963281149e-08
3.038860909392588568e-10
4.385592946963281149e-08
8.874307952445024970e-11
4.385592946963281149e-08
7.846521004347158600e-09
7.846521004347158600e-09
4.385592946963281149e-08
8.874307952445024970e-11
7.846521004347158600e-09
1.749400661085535467e-11
1.749400661085535467e-11
7.846521004347158600e-09
1.749400661085535467e-11
4.385592946963281149e-08
2.123430646278740097e-08
2.123430646278740097e-08
2.123430646278740097e-08
1.749400661085535467e-11
7.846521004347158600e-09
7.571669658392799452e-11
7.571669658392799452e-11
7.571669658392799452e-11
2.123430646278740097e-08
1.749400661085535467e-11
2.613230619936760546e-10
2.613230619936760546e-10
2.613230619936760546e-10
7.571669658392799452e-11
8.503070433653138367e-11
8.503070433653138367e-11
2.123430646278740097e-08
8.503070433653138367e-11
2.613230619936760546e-10
7.735024944976700842e-09
7.735024944976700842e-09
7.571669658392799452e-11
7.735024944976700842e-09
8.503070433653138367e-11
4.399346830913930616e-10
4.399346830913930616e-10
4.399346830913930616e-10
2.613230619936760546e-10
7.735024944976700842e-09
8.710190464953607565e-09
8.710190464953607565e-09
4.399346830913930616e-10
8.503070433653138367e-11
8.710190464953607565e-09
2.942488570572185106e-09
2.942488570572185106e-09
8.710190464953607565e-09
7.735024944976700842e-09
2.942488570572185106e-09
3.145382412772863199e-09
3.145382412772863199e-09
2.942488570572185106e-09
3.145382412772863199e-09
4.399346830913930616e-10
4.441702875619662671e-09
4.441702875619662671e-09
4.441702875619662671e-09
3.145382412772863199e-09
3.480008927589741952e-09
8.710190464953607565e-09
3.480008927589741952e-09
3.480008927589741952e-09
4.441702875619662671e-09
4.017953094837425923e-09
2.942488570572185106e-09
4.017953094837425923e-09
4.017953094837425923e-09
3.918562458877842189e-09
3.480008927589741952e-09
3.145382412772863199e-09
3.918562458877842189e-09
3.918562458877842189e-09
3.895271882939176649e-09
4.017953094837425923e-09
4.441702875619662671e-09
3.895271882939176649e-09
3.895271882939176649e-09
4.041472138158046333e-09
3.918562458877842189e-09
4.041472138158046333e-09
4.041472138158046333e-09
3.480008927589741952e-09
4.116954535023945611e-09
3.895271882939176649e-09
4.116954535023945611e-09
4.166232502981287519e-09
4.116954535023945611e-09
4.017953094837425923e-09
4.041472138158046333e-09
4.166232502981287519e-09
4.166232502981287519e-09
4.230476488978446350e-09
3.918562458877842189e-09
4.116954535023945611e-09
4.230476488978446350e-09
4.315912764986217156e-09
4.230476488978446350e-09
3.895271882939176649e-09
4.166232502981287519e-09
4.427081462176258289e-09
4.315912764986217156e-09
4.315912764986217156e-09
4.041472138158046333e-09
4.230476488978446350e-09
4.567262588561379021e-09
4.427081462176258289e-09
4.427081462176258289e-09
4.116954535023945611e-09
4.315912764986217156e-09
4.663486572389223740e-09
4.567262588561379021e-09
4.567262588561379021e-09
4.166232502981287519e-09
4.427081462176258289e-09
4.622813507531467445e-09
4.663486572389223740e-09
4.663486572389223740e-09
4.230476488978446350e-09
5.184751770898557753e-09
4.567262588561379021e-09
4.622813507531467445e-09
4.622813507531467445e-09
4.315912764986217156e-09
4.488509398889421165e-09
4.663486572389223740e-09
5.184751770898557753e-09
5.184751770898557753e-09
6.322407400359837097e-09
4.427081462176258289e-09
4.622813507531467445e-09
4.488509398889421165e-09
4.488509398889421165e-09
7.361677370736332428e-09
4.567262588561379021e-09
6.322407400359837097e-09
5.184751770898557753e-09
6.322407400359837097e-09
2.117159312937550785e-07
4.663486572389223740e-09
7.361677370736332428e-09
7.361677370736332428e-09
4.488509398889421165e-09
9.840515544101102112e-11
4.622813507531467445e-09
2.117159312937550785e-07
2.117159312937550785e-07
2.950567265795696251e-09
6.322407400359837097e-09
5.184751770898557753e-09
9.840515544101102112e-11
9.840515544101102112e-11
2.629988315786700402e-12
7.361677370736332428e-09
2.950567265795696251e-09
4.488509398889421165e-09
2.950567265795696251e-09
5.393634263326714785e-11
2.117159312937550785e-07
2.629988315786700402e-12
6.322407400359837097e-09
2.629988315786700402e-12
1.660172320856730256e-10
9.840515544101102112e-11
5.393634263326714785e-11
7.361677370736332428e-09
5.393634263326714785e-11
2.409938406572495645e-12
2.950567265795696251e-09
1.660172320856730256e-10
2.117159312937550785e-07
1.660172320856730256e-10
2.892522704916140672e-11
2.629988315786700402e-12
2.409938406572495645e-12
9.840515544101102112e-11
8.211038016880041901e-09
2.409938406572495645e-12
5.393634263326714785e-11
2.892522704916140672e-11
1.855949713955126273e-07
2.950567265795696251e-09
2.892522704916140672e-11
1.660172320856730256e-10
8.211038016880041901e-09
1.576592480340010229e-08
2.629988315786700402e-12
8.211038016880041901e-09
2.409938406572495645e-12
1.855949713955126273e-07
6.651825944837733844e-11
1.855949713955126273e-07
5.393634263326714785e-11
2.892522704916140672e-11
1.576592480340010229e-08
1.979527474432350379e-07
1.576592480340010229e-08
1.660172320856730256e-10
8.211038016880041901e-09
6.651825944837733844e-11
1.412323548291826853e-11
6.651825944837733844e-11
2.409938406572495645e-12
1.979527474432350379e-07
1.855949713955126273e-07
1.979527474432350379e-07
6.492764440034893402e-12
2.892522704916140672e-11
1.412323548291826853e-11
1.576592480340010229e-08
7.875343901085140012e-09
1.412323548291826853e-11
8.211038016880041901e-09
6.492764440034893402e-12
6.651825944837733844e-11
7.412272691357537052e-10
6.492764440034893402e-12
1.855949713955126273e-07
1.979527474432350379e-07
7.875343901085140012e-09
1.929960315053821251e-08
7.875343901085140012e-09
1.576592480340010229e-08
1.412323548291826853e-11
7.412272691357537052e-10
2.183064969813035540e-10
7.412272691357537052e-10
6.651825944837733844e-11
1.929960315053821251e-08
6.492764440034893402e-12
1.708451087682038660e-11
1.929960315053821251e-08
2.183064969813035540e-10
7.875343901085140012e-09
1.979527474432350379e-07
2.144100434228502750e-11
2.183064969813035540e-10
1.708451087682038660e-11
7.412272691357537052e-10
1.412323548291826853e-11
1.855340868996434740e-11
1.708451087682038660e-11
2.144100434228502750e-11
1.929960315053821251e-08
6.492764440034893402e-12
1.330276706567044697e-11
2.144100434228502750e-11
1.855340868996434740e-11
7.875343901085140012e-09
2.183064969813035540e-10
4.660729285309763048e-11
1.330276706567044697e-11
1.855340868996434740e-11
7.412272691357537052e-10
1.708451087682038660e-11
2.742651310884503845e-11
4.660729285309763048e-11
1.929960315053821251e-08
1.330276706567044697e-11
2.144100434228502750e-11
3.908333201877391088e-11
2.742651310884503845e-11
2.183064969813035540e-10
4.660729285309763048e-11
1.855340868996434740e-11
3.863218262306551497e-10
3.908333201877391088e-11
1.708451087682038660e-11
4.548717610029150788e-11
2.742651310884503845e-11
1.330276706567044697e-11
3.863218262306551497e-10
2.144100434228502750e-11
6.088205802930141073e-12
3.908333201877391088e-11
4.660729285309763048e-11
4.548717610029150788e-11
1.855340868996434740e-11
7.636206897390826840e-12
3.863218262306551497e-10
2.742651310884503845e-11
6.088205802930141073e-12
1.414923779772836657e-10
1.330276706567044697e-11
4.548717610029150788e-11
3.908333201877391088e-11
7.636206897390826840e-12
8.330685661011964496e-08
4.660729285309763048e-11
6.088205802930141073e-12
1.414923779772836657e-10
3.863218262306551497e-10
1.282337423507057432e-10
2.742651310884503845e-11
8.330685661011964496e-08
7.636206897390826840e-12
4.548717610029150788e-11
1.648421792347957796e-10
1.282337423507057432e-10
1.414923779772836657e-10
6.088205802930141073e-12
3.908333201877391088e-11
1.268616689337846048e-11
1.648421792347957796e-10
8.330685661011964496e-08
3.863218262306551497e-10
7.636206897390826840e-12
5.056127367503090658e-10
1.268616689337846048e-11
1.282337423507057432e-10
4.548717610029150788e-11
1.414923779772836657e-10
2.840644761567147936e-11
5.056127367503090658e-10
1.648421792347957796e-10
8.330685661011964496e-08
6.088205802930141073e-12
4.898510890539834309e-10
2.840644761567147936e-11
1.268616689337846048e-11
1.282337423507057432e-10
7.636206897390826840e-12
2.891656320716357026e-11
4.898510890539834309e-10
5.056127367503090658e-10
1.648421792347957796e-10
1.414923779772836657e-10
4.118070572512987091e-10
2.891656320716357026e-11
2.840644761567147936e-11
1.268616689337846048e-11
8.330685661011964496e-08
3.872833126740422698e-12
4.118070572512987091e-10
4.898510890539834309e-10
5.056127367503090658e-10
1.282337423507057432e-10
3.216834869545765763e-11
3.872833126740422698e-12
2.891656320716357026e-11
2.840644761567147936e-11
1.648421792347957796e-10
2.497804461527923063e-10
3.216834869545765763e-11
4.118070572512987091e-10
4.898510890539834309e-10
1.268616689337846048e-11
3.009687626713762118e-11
2.497804461527923063e-10
3.872833126740422698e-12
2.891656320716357026e-11
5.056127367503090658e-10
6.539640278667116655e-11
3.009687626713762118e-11
4.118070572512987091e-10
3.216834869545765763e-11
2.840644761567147936e-11
1.507106132160622068e-12
6.539640278667116655e-11
2.497804461527923063e-10
3.872833126740422698e-12
4.898510890539834309e-10
1.504444314691070847e-12
1.507106132160622068e-12
3.009687626713762118e-11
3.216834869545765763e-11
2.891656320716357026e-11
1.503141074929106229e-12
1.504444314691070847e-12
6.539640278667116655e-11
2.497804461527923063e-10
1.502505613598839285e-12
4.118070572512987091e-10
1.503141074929106229e-12
1.507106132160622068e-12
3.009687626713762118e-11
1.502197442500630865e-12
1.502505613598839285e-12
3.872833126740422698e-12
6.539640278667116655e-11
1.504444314691070847e-12
1.502049015877851285e-12
1.502197442500630865e-12
3.216834869545765763e-11
1.503141074929106229e-12
1.507106132160622068e-12
1.501978084558040401e-12
1.502049015877851285e-12
2.497804461527923063e-10
1.502505613598839285e-12
1.504444314691070847e-12
1.501944410553933090e-12
1.501978084558040401e-12
3.009687626713762118e-11
1.503141074929106229e-12
1.502197442500630865e-12
1.501944410553933090e-12
1.501928406831699551e-12
6.539640278667116655e-11
1.502505613598839285e-12
1.501928406831699551e-12
1.502049015877851285e-12
1.501920608664376299e-12
1.507106132160622068e-12
1.501920608664376299e-12
1.502197442500630865e-12
1.501916492516736635e-12
1.501978084558040401e-12
1.504444314691070847e-12
1.501916492516736635e-12
1.502049015877851285e-12
1.501913932517650307e-12
1.501944410553933090e-12
1.503141074929106229e-12
1.501978084558040401e-12
1.501913932517650307e-12
1.501911955586611173e-12
1.501928406831699551e-12
1.502505613598839285e-12
1.501911955586611173e-12
1.501944410553933090e-12
1.501910135824905630e-12
1.501920608664376299e-12
1.501910135824905630e-12
1.502197442500630865e-12
1.501916492516736635e-12
1.501908301623899973e-12
1.501928406831699551e-12
1.501908301623899973e-12
1.502049015877851285e-12
1.501906395420429600e-12
1.501913932517650307e-12
1.501920608664376299e-12
1.501906395420429600e-12
1.501978084558040401e-12
1.501904408163527868e-12
1.501911955586611173e-12
1.501916492516736635e-12
1.501904408163527868e-12
1.501902348909101683e-12
1.501910135824905630e-12
1.501944410553933090e-12
1.501913932517650307e-12
1.501902348909101683e-12
1.501908301623899973e-12
1.501900231631726308e-12
1.501928406831699551e-12
1.501911955586611173e-12
1.501900231631726308e-12
1.501898070096289143e-12
1.501906395420429600e-12
1.501920608664376299e-12
1.501910135824905630e-12
1.501898070096289143e-12
1.501895875720038240e-12
1.501904408163527868e-12
1.501916492516736635e-12
1.501895875720038240e-12
1.501908301623899973e-12
1.501893657530752929e-12
1.501902348909101683e-12
1.501913932517650307e-12
1.501893657530752929e-12
1.501906395420429600e-12
1.501891422335795226e-12
1.501900231631726308e-12
1.501911955586611173e-12
1.501891422335795226e-12
1.501904408163527868e-12
1.501889175155006602e-12
1.501898070096289143e-12
1.501889175155006602e-12
1.501910135824905630e-12
1.501902348909101683e-12
1.501886919591776244e-12
1.501895875720038240e-12
1.501886919591776244e-12
1.501908301623899973e-12
1.501884658220473991e-12
1.501900231631726308e-12
1.501893657530752929e-12
1.501884658220473991e-12
1.501882393017114167e-12
1.501906395420429600e-12
1.501898070096289143e-12
1.501891422335795226e-12
1.501882393017114167e-12
1.501880125199388625e-12
1.501904408163527868e-12
1.501895875720038240e-12
1.501880125199388625e-12
1.501889175155006602e-12
1.501877855777273785e-12
1.501893657530752929e-12
1.501902348909101683e-12
1.501877855777273785e-12
1.501886919591776244e-12
1.501875585345693252e-12
1.501891422335795226e-12
1.501875585345693252e-12
1.501900231631726308e-12
1.501884658220473991e-12
1.501873314450797872e-12
1.501889175155006602e-12
1.501873314450797872e-12
1.501898070096289143e-12
1.501882393017114167e-12
1.501871043348044080e-12
1.501886919591776244e-12
1.501871043348044080e-12
1.501895875720038240e-12
1.501880125199388625e-12
1.501868772316544345e-12
1.501884658220473991e-12
1.501868772316544345e-12
1.501877855777273785e-12
1.501893657530752929e-12
1.501866501534250945e-12
1.501882393017114167e-12
1.501866501534250945e-12
1.501875585345693252e-12
1.501891422335795226e-12
1.501864231057840494e-12
1.501864231057840494e-12
1.501880125199388625e-12
1.501873314450797872e-12
1.501889175155006602e-12
1.501861961010105895e-12
1.501861961010105895e-12
1.501877855777273785e-12
1.501871043348044080e-12
1.501859691437458118e-12
1.501886919591776244e-12
1.501859691437458118e-12
1.501875585345693252e-12
1.501868772316544345e-12
1.501857422352394336e-12
1.501884658220473991e-12
1.501857422352394336e-12
1.501873314450797872e-12
1.501866501534250945e-12
1.501855153843004034e-12
1.501855153843004034e-12
1.501882393017114167e-12
1.501871043348044080e-12
1.501864231057840494e-12
1.501852885885632188e-12
1.501852885885632188e-12
1.501880125199388625e-12
1.501868772316544345e-12
1.501861961010105895e-12
1.501850618503140771e-12
1.501850618503140771e-12
1.501877855777273785e-12
1.501866501534250945e-12
1.501859691437458118e-12
1.501848351676991324e-12
1.501848351676991324e-12
1.501864231057840494e-12
1.501875585345693252e-12
1.501846085505497372e-12
1.501857422352394336e-12
1.501846085505497372e-12
1.501861961010105895e-12
1.501855153843004034e-12
1.501843819891109765e-12
1.501873314450797872e-12
1.501843819891109765e-12
1.501859691437458118e-12
1.501852885885632188e-12
1.501841554854928272e-12
1.501871043348044080e-12
1.501841554854928272e-12
1.501857422352394336e-12
1.501839290451936170e-12
1.501868772316544345e-12
1.501850618503140771e-12
1.501839290451936170e-12
1.501855153843004034e-12
1.501837026636376398e-12
1.501848351676991324e-12
1.501866501534250945e-12
1.501837026636376398e-12
1.501852885885632188e-12
1.501846085505497372e-12
1.501834763449763080e-12
1.501864231057840494e-12
1.501834763449763080e-12
1.501850618503140771e-12
1.501832500870393229e-12
1.501843819891109765e-12
1.501832500870393229e-12
1.501861961010105895e-12
1.501848351676991324e-12
1.501841554854928272e-12
1.501830238861570801e-12
1.501830238861570801e-12
1.501859691437458118e-12
1.501846085505497372e-12
1.501839290451936170e-12
1.501827977495506484e-12
1.501827977495506484e-12
1.501857422352394336e-12
1.501843819891109765e-12
1.501837026636376398e-12
1.501825716715118957e-12
1.501825716715118957e-12
1.501855153843004034e-12
1.501841554854928272e-12
1.501834763449763080e-12
1.501823456495963379e-12
1.501823456495963379e-12
1.501852885885632188e-12
1.501839290451936170e-12
1.501832500870393229e-12
1.501821196961860973e-12
1.501821196961860973e-12
1.501850618503140771e-12
1.501830238861570801e-12
1.501837026636376398e-12
1.501818937991883829e-12
1.501818937991883829e-12
1.501848351676991324e-12
1.501827977495506484e-12
1.501816679660582004e-12
1.501834763449763080e-12
1.501816679660582004e-12
1.501846085505497372e-12
1.501814421891759361e-12
1.501825716715118957e-12
1.501832500870393229e-12
1.501814421891759361e-12
1.501843819891109765e-12
1.501812164757840248e-12
1.501823456495963379e-12
1.501830238861570801e-12
1.501812164757840248e-12
1.501841554854928272e-12
1.501809908200898796e-12
1.501821196961860973e-12
1.501809908200898796e-12
1.501827977495506484e-12
1.501839290451936170e-12
1.501807652292145847e-12
1.501818937991883829e-12
1.501807652292145847e-12
1.501825716715118957e-12
1.501805396928215934e-12
1.501837026636376398e-12
1.501805396928215934e-12
1.501816679660582004e-12
1.501823456495963379e-12
1.501803142217392975e-12
1.501803142217392975e-12
1.501834763449763080e-12
1.501814421891759361e-12
1.501821196961860973e-12
1.501800888075204788e-12
1.501800888075204788e-12
1.501832500870393229e-12
1.501812164757840248e-12
1.501818937991883829e-12
1.501798634558538213e-12
1.501798634558538213e-12
1.501830238861570801e-12
1.501809908200898796e-12
1.501816679660582004e-12
1.501796381649843733e-12
1.501796381649843733e-12
1.501807652292145847e-12
1.501827977495506484e-12
1.501814421891759361e-12
1.501794129359593788e-12
1.501794129359593788e-12
1.501805396928215934e-12
1.501825716715118957e-12
1.501812164757840248e-12
1.501791877650034325e-12
1.501791877650034325e-12
1.501803142217392975e-12
1.501823456495963379e-12
1.501809908200898796e-12
1.501789626535279924e-12
1.501789626535279924e-12
1.501800888075204788e-12
1.501807652292145847e-12
1.501821196961860973e-12
1.501787376044576950e-12
1.501787376044576950e-12
1.501798634558538213e-12
1.501805396928215934e-12
1.501818937991883829e-12
1.501785126144366430e-12
1.501785126144366430e-12
1.501803142217392975e-12
1.501796381649843733e-12
1.501816679660582004e-12
1.501782876828575370e-12
1.501782876828575370e-12
1.501794129359593788e-12
1.501800888075204788e-12
1.501780628108275793e-12
1.501780628108275793e-12
1.501814421891759361e-12
1.501791877650034325e-12
1.501798634558538213e-12
1.501778380043375690e-12
1.501778380043375690e-12
1.501812164757840248e-12
1.501776132557382664e-12
1.501789626535279924e-12
1.501796381649843733e-12
1.501776132557382664e-12
1.501809908200898796e-12
1.501773885621164650e-12
1.501787376044576950e-12
1.501794129359593788e-12
1.501773885621164650e-12
1.501807652292145847e-12
1.501771639387046069e-12
1.501785126144366430e-12
1.501791877650034325e-12
1.501771639387046069e-12
1.501805396928215934e-12
1.501769393668435291e-12
1.501782876828575370e-12
1.501789626535279924e-12
1.501769393668435291e-12
1.501803142217392975e-12
1.501767148580211063e-12
1.501780628108275793e-12
1.501787376044576950e-12
1.501767148580211063e-12
1.501800888075204788e-12
1.501764904114095116e-12
1.501778380043375690e-12
1.501785126144366430e-12
1.501764904114095116e-12
1.501798634558538213e-12
