5.163252597268511712e-01
5.163252597268511712e-01
5.163252597268511712e-01
5.163252597268511712e-01
5.163252597268511712e-01
7.024180433424907386e-04
7.024180433424907386e-04
7.024180433424907386e-04
7.024180433424907386e-04
7.024180433424907386e-04
7.706157615088509116e-06
7.706157615088509116e-06
7.706157615088509116e-06
7.706157615088509116e-06
7.706157615088509116e-06
6.985502780196537686e-06
6.985502780196537686e-06
6.985502780196537686e-06
6.985502780196537686e-06
6.985502780196537686e-06
6.070203104570802119e-06
6.070203104570802119e-06
6.070203104570802119e-06
6.070203104570802119e-06
6.070203104570802119e-06
4.919908700617004961e-06
4.919908700617004961e-06
4.919908700617004961e-06
4.919908700617004961e-06
4.919908700617004961e-06
3.640786551881423294e-06
3.640786551881423294e-06
3.640786551881423294e-06
3.640786551881423294e-06
3.640786551881423294e-06
2.411990736900829079e-06
2.411990736900829079e-06
2.411990736900829079e-06
2.411990736900829079e-06
2.411990736900829079e-06
1.411159218414165244e-06
1.411159218414165244e-06
1.411159218414165244e-06
1.411159218414165244e-06
1.411159218414165244e-06
6.927134644688584445e-07
6.927134644688584445e-07
6.927134644688584445e-07
6.927134644688584445e-07
6.927134644688584445e-07
2.386713900195827322e-07
2.386713900195827322e-07
2.386713900195827322e-07
2.386713900195827322e-07
2.386713900195827322e-07
4.319200610886657300e-08
4.319200610886657300e-08
4.319200610886657300e-08
4.319200610886657300e-08
4.319200610886657300e-08
2.898093127925945895e-09
2.898093127925945895e-09
2.898093127925945895e-09
2.898093127925945895e-09
2.898093127925945895e-09
4.048382679483116321e-10
4.048382679483116321e-10
4.048382679483116321e-10
4.048382679483116321e-10
4.048382679483116321e-10
4.349937293404888296e-10
4.349937293404888296e-10
4.349937293404888296e-10
4.349937293404888296e-10
4.349937293404888296e-10
1.869863689347937184e-06
1.869863689347937184e-06
1.869863689347937184e-06
1.869863689347937184e-06
1.869863689347937184e-06
1.270077339030667447e-06
1.270077339030667447e-06
1.270077339030667447e-06
1.270077339030667447e-06
1.270077339030667447e-06
6.575529833126774245e-07
6.575529833126774245e-07
6.575529833126774245e-07
6.575529833126774245e-07
6.575529833126774245e-07
6.389771778395608362e-10
6.389771778395608362e-10
6.389771778395608362e-10
6.389771778395608362e-10
6.389771778395608362e-10
5.331247180948793348e-10
5.331247180948793348e-10
5.331247180948793348e-10
5.331247180948793348e-10
5.331247180948793348e-10
9.155355814781699779e-10
9.155355814781699779e-10
9.155355814781699779e-10
9.155355814781699779e-10
9.155355814781699779e-10
7.076155469032939402e-09
7.076155469032939402e-09
7.076155469032939402e-09
7.076155469032939402e-09
7.076155469032939402e-09
4.982275068346313800e-09
4.982275068346313800e-09
4.982275068346313800e-09
4.982275068346313800e-09
4.982275068346313800e-09
2.536405238991597582e-09
2.536405238991597582e-09
2.536405238991597582e-09
2.536405238991597582e-09
2.536405238991597582e-09
1.231764028452024393e-08
1.231764028452024393e-08
1.231764028452024393e-08
1.231764028452024393e-08
1.231764028452024393e-08
1.231733161219244225e-09
1.231733161219244225e-09
1.231733161219244225e-09
1.231733161219244225e-09
1.231733161219244225e-09
1.523685004468584638e-08
1.523685004468584638e-08
1.523685004468584638e-08
1.523685004468584638e-08
1.523685004468584638e-08
1.355550518512861792e-09
1.355550518512861792e-09
1.355550518512861792e-09
1.355550518512861792e-09
4.389127467338777390e-09
1.355550518512861792e-09
4.389127467338777390e-09
4.389127467338777390e-09
4.389127467338777390e-09
1.601018149651755306e-10
4.389127467338777390e-09
1.601018149651755306e-10
1.601018149651755306e-10
1.601018149651755306e-10
1.119511473451216436e-09
1.601018149651755306e-10
1.119511473451216436e-09
1.119511473451216436e-09
1.119511473451216436e-09
1.359953662934747852e-10
1.119511473451216436e-09
1.359953662934747852e-10
1.359953662934747852e-10
2.204823645205289577e-10
1.359953662934747852e-10
1.359953662934747852e-10
2.204823645205289577e-10
2.204823645205289577e-10
2.248029078291344322e-10
2.204823645205289577e-10
2.204823645205289577e-10
2.248029078291344322e-10
2.248029078291344322e-10
7.691022999830014337e-11
2.248029078291344322e-10
7.691022999830014337e-11
2.248029078291344322e-10
7.691022999830014337e-11
1.539467285197674621e-10
7.691022999830014337e-11
1.539467285197674621e-10
1.539467285197674621e-10
7.691022999830014337e-11
5.986661295126825568e-10
1.539467285197674621e-10
5.986661295126825568e-10
5.986661295126825568e-10
1.539467285197674621e-10
5.651299825657234197e-11
5.986661295126825568e-10
5.651299825657234197e-11
5.651299825657234197e-11
5.986661295126825568e-10
3.347179781769438765e-10
5.651299825657234197e-11
3.347179781769438765e-10
3.347179781769438765e-10
1.355380620490723191e-10
5.651299825657234197e-11
3.347179781769438765e-10
1.355380620490723191e-10
1.355380620490723191e-10
4.401174028999107379e-08
3.347179781769438765e-10
4.401174028999107379e-08
1.355380620490723191e-10
4.401174028999107379e-08
7.887771756455951211e-09
7.887771756455951211e-09
4.401174028999107379e-08
1.355380620490723191e-10
7.887771756455951211e-09
3.987389826813455215e-11
3.987389826813455215e-11
7.887771756455951211e-09
3.987389826813455215e-11
4.401174028999107379e-08
2.129260585826067069e-08
2.129260585826067069e-08
2.129260585826067069e-08
3.987389826813455215e-11
7.887771756455951211e-09
9.763814759819960440e-11
9.763814759819960440e-11
9.763814759819960440e-11
2.129260585826067069e-08
3.987389826813455215e-11
2.867871544353573550e-10
2.867871544353573550e-10
2.867871544353573550e-10
9.763814759819960440e-11
1.092667145413161994e-10
1.092667145413161994e-10
2.129260585826067069e-08
1.092667145413161994e-10
2.867871544353573550e-10
7.787097306580906772e-09
7.787097306580906772e-09
9.763814759819960440e-11
7.787097306580906772e-09
1.092667145413161994e-10
4.933461925403796524e-10
4.933461925403796524e-10
4.933461925403796524e-10
2.867871544353573550e-10
7.787097306580906772e-09
8.789473507390753437e-09
8.789473507390753437e-09
4.933461925403796524e-10
1.092667145413161994e-10
8.789473507390753437e-09
2.993631727406420875e-09
2.993631727406420875e-09
8.789473507390753437e-09
7.787097306580906772e-09
2.993631727406420875e-09
3.213975532565508778e-09
3.213975532565508778e-09
2.993631727406420875e-09
3.213975532565508778e-09
4.933461925403796524e-10
4.506788818817038689e-09
4.506788818817038689e-09
4.506788818817038689e-09
3.213975532565508778e-09
3.543852443822383445e-09
8.789473507390753437e-09
3.543852443822383445e-09
3.543852443822383445e-09
4.506788818817038689e-09
4.081790619367024537e-09
2.993631727406420875e-09
4.081790619367024537e-09
4.081790619367024537e-09
3.982880458515407446e-09
3.543852443822383445e-09
3.213975532565508778e-09
3.982880458515407446e-09
3.982880458515407446e-09
3.958035349012499666e-09
4.081790619367024537e-09
4.506788818817038689e-09
3.958035349012499666e-09
3.958035349012499666e-09
4.104130364986253752e-09
3.982880458515407446e-09
4.104130364986253752e-09
4.104130364986253752e-09
3.543852443822383445e-09
4.179498471719616159e-09
3.958035349012499666e-09
4.179498471719616159e-09
4.228384982224462052e-09
4.179498471719616159e-09
4.081790619367024537e-09
4.104130364986253752e-09
4.228384982224462052e-09
4.228384982224462052e-09
4.292201690840262894e-09
3.982880458515407446e-09
4.179498471719616159e-09
4.292201690840262894e-09
4.377286755082045158e-09
4.292201690840262894e-09
3.958035349012499666e-09
4.228384982224462052e-09
4.488198339692159688e-09
4.377286755082045158e-09
4.377286755082045158e-09
4.104130364986253752e-09
4.292201690840262894e-09
4.628091224136241324e-09
4.488198339692159688e-09
4.488198339692159688e-09
4.179498471719616159e-09
4.377286755082045158e-09
4.723543884972296319e-09
4.628091224136241324e-09
4.628091224136241324e-09
4.228384982224462052e-09
4.488198339692159688e-09
4.682431136521021076e-09
4.723543884972296319e-09
4.723543884972296319e-09
4.292201690840262894e-09
5.246111596417031903e-09
4.628091224136241324e-09
4.682431136521021076e-09
4.682431136521021076e-09
4.377286755082045158e-09
4.545339591252701733e-09
4.723543884972296319e-09
5.246111596417031903e-09
5.246111596417031903e-09
6.379030906545851924e-09
4.488198339692159688e-09
4.682431136521021076e-09
4.545339591252701733e-09
4.545339591252701733e-09
7.410533606313285998e-09
4.628091224136241324e-09
6.379030906545851924e-09
5.246111596417031903e-09
6.379030906545851924e-09
2.123695131432578043e-07
4.723543884972296319e-09
7.410533606313285998e-09
7.410533606313285998e-09
4.545339591252701733e-09
1.086831901466978445e-10
4.682431136521021076e-09
2.123695131432578043e-07
2.123695131432578043e-07
3.046989660512233431e-09
6.379030906545851924e-09
5.246111596417031903e-09
1.086831901466978445e-10
1.086831901466978445e-10
6.281687432764960689e-12
7.410533606313285998e-09
3.046989660512233431e-09
4.545339591252701733e-09
3.046989660512233431e-09
5.768694602059737038e-11
2.123695131432578043e-07
6.281687432764960689e-12
6.379030906545851924e-09
6.281687432764960689e-12
1.698760826754960438e-10
1.086831901466978445e-10
5.768694602059737038e-11
7.410533606313285998e-09
5.768694602059737038e-11
5.664002622063722890e-12
3.046989660512233431e-09
1.698760826754960438e-10
2.123695131432578043e-07
1.698760826754960438e-10
4.334581618278327539e-11
6.281687432764960689e-12
5.664002622063722890e-12
1.086831901466978445e-10
9.226236929629389949e-09
5.664002622063722890e-12
5.768694602059737038e-11
4.334581618278327539e-11
1.874765753732464698e-07
3.046989660512233431e-09
4.334581618278327539e-11
1.698760826754960438e-10
9.226236929629389949e-09
1.583611841802735756e-08
6.281687432764960689e-12
9.226236929629389949e-09
5.664002622063722890e-12
1.874765753732464698e-07
7.054885666863103043e-11
1.874765753732464698e-07
5.768694602059737038e-11
4.334581618278327539e-11
1.583611841802735756e-08
2.005996470584698369e-07
1.583611841802735756e-08
1.698760826754960438e-10
9.226236929629389949e-09
7.054885666863103043e-11
1.706932634040970942e-11
7.054885666863103043e-11
5.664002622063722890e-12
2.005996470584698369e-07
1.874765753732464698e-07
2.005996470584698369e-07
9.383954038244767214e-12
4.334581618278327539e-11
1.706932634040970942e-11
1.583611841802735756e-08
9.001019779670930034e-09
1.706932634040970942e-11
9.226236929629389949e-09
9.383954038244767214e-12
7.054885666863103043e-11
7.692071445424670408e-10
9.383954038244767214e-12
1.874765753732464698e-07
2.005996470584698369e-07
9.001019779670930034e-09
1.962014077396966329e-08
9.001019779670930034e-09
1.583611841802735756e-08
1.706932634040970942e-11
7.692071445424670408e-10
2.222278287675246871e-10
7.692071445424670408e-10
7.054885666863103043e-11
1.962014077396966329e-08
9.383954038244767214e-12
2.002139982859299005e-11
1.962014077396966329e-08
2.222278287675246871e-10
9.001019779670930034e-09
2.005996470584698369e-07
2.435933600370420041e-11
2.222278287675246871e-10
2.002139982859299005e-11
7.692071445424670408e-10
1.706932634040970942e-11
2.137640432168479192e-11
2.002139982859299005e-11
2.435933600370420041e-11
1.962014077396966329e-08
9.383954038244767214e-12
1.615309452135983255e-11
2.435933600370420041e-11
2.137640432168479192e-11
9.001019779670930034e-09
2.222278287675246871e-10
4.935935314016296894e-11
1.615309452135983255e-11
2.137640432168479192e-11
7.692071445424670408e-10
2.002139982859299005e-11
3.024561284173082206e-11
4.935935314016296894e-11
1.962014077396966329e-08
1.615309452135983255e-11
2.435933600370420041e-11
4.191664983092412842e-11
3.024561284173082206e-11
2.222278287675246871e-10
4.935935314016296894e-11
2.137640432168479192e-11
3.899150899373559889e-10
4.191664983092412842e-11
2.002139982859299005e-11
4.869524845120307528e-11
3.024561284173082206e-11
1.615309452135983255e-11
3.899150899373559889e-10
2.435933600370420041e-11
8.893909573073577307e-12
4.191664983092412842e-11
4.935935314016296894e-11
4.869524845120307528e-11
2.137640432168479192e-11
1.030493246581361889e-11
3.899150899373559889e-10
3.024561284173082206e-11
8.893909573073577307e-12
1.441343575134499527e-10
1.615309452135983255e-11
4.869524845120307528e-11
4.191664983092412842e-11
1.030493246581361889e-11
8.366740174690126782e-08
4.935935314016296894e-11
8.893909573073577307e-12
1.441343575134499527e-10
3.899150899373559889e-10
1.311148878737161237e-10
3.024561284173082206e-11
8.366740174690126782e-08
1.030493246581361889e-11
4.869524845120307528e-11
1.683123572773498032e-10
1.311148878737161237e-10
1.441343575134499527e-10
8.893909573073577307e-12
4.191664983092412842e-11
1.526271760727707867e-11
1.683123572773498032e-10
8.366740174690126782e-08
3.899150899373559889e-10
1.030493246581361889e-11
5.093525549704390584e-10
1.526271760727707867e-11
1.311148878737161237e-10
4.869524845120307528e-11
1.441343575134499527e-10
3.096833528849232411e-11
5.093525549704390584e-10
1.683123572773498032e-10
8.366740174690126782e-08
8.893909573073577307e-12
4.935276532917497651e-10
3.096833528849232411e-11
1.526271760727707867e-11
1.311148878737161237e-10
1.030493246581361889e-11
3.157647097216918600e-11
4.935276532917497651e-10
5.093525549704390584e-10
1.683123572773498032e-10
1.441343575134499527e-10
4.155830486631709917e-10
3.157647097216918600e-11
3.096833528849232411e-11
1.526271760727707867e-11
8.366740174690126782e-08
6.226545920343879122e-12
4.155830486631709917e-10
4.935276532917497651e-10
5.093525549704390584e-10
1.311148878737161237e-10
3.448216096793827300e-11
6.226545920343879122e-12
3.157647097216918600e-11
3.096833528849232411e-11
1.683123572773498032e-10
2.531506059141051003e-10
3.448216096793827300e-11
4.155830486631709917e-10
4.935276532917497651e-10
1.526271760727707867e-11
3.243877268160300463e-11
2.531506059141051003e-10
6.226545920343879122e-12
3.157647097216918600e-11
5.093525549704390584e-10
6.768167884382333633e-11
3.243877268160300463e-11
4.155830486631709917e-10
3.448216096793827300e-11
3.096833528849232411e-11
3.659817515960163779e-12
6.768167884382333633e-11
2.531506059141051003e-10
6.226545920343879122e-12
4.935276532917497651e-10
3.657071413749061197e-12
3.659817515960163779e-12
3.243877268160300463e-11
3.448216096793827300e-11
3.157647097216918600e-11
3.655707886798137626e-12
3.657071413749061197e-12
6.768167884382333633e-11
2.531506059141051003e-10
3.655028929575409621e-12
4.155830486631709917e-10
3.655707886798137626e-12
3.659817515960163779e-12
3.243877268160300463e-11
3.654689030028222425e-12
3.655028929575409621e-12
6.226545920343879122e-12
6.768167884382333633e-11
3.657071413749061197e-12
3.654517129929824410e-12
3.654689030028222425e-12
3.448216096793827300e-11
3.655707886798137626e-12
3.659817515960163779e-12
3.654428520891018038e-12
3.654517129929824410e-12
2.531506059141051003e-10
3.655028929575409621e-12
3.657071413749061197e-12
3.654381240751234541e-12
3.654428520891018038e-12
3.243877268160300463e-11
3.655707886798137626e-12
3.654689030028222425e-12
3.654381240751234541e-12
3.654354491925538496e-12
6.768167884382333633e-11
3.655028929575409621e-12
3.654354491925538496e-12
3.654517129929824410e-12
3.654337959902359236e-12
3.659817515960163779e-12
3.654337959902359236e-12
3.654689030028222425e-12
3.654326524324820139e-12
3.654428520891018038e-12
3.657071413749061197e-12
3.654326524324820139e-12
3.654517129929824410e-12
3.654317639487871696e-12
3.654381240751234541e-12
3.655707886798137626e-12
3.654428520891018038e-12
3.654317639487871696e-12
3.654310037531542347e-12
3.654354491925538496e-12
3.655028929575409621e-12
3.654310037531542347e-12
3.654381240751234541e-12
3.654303085049199205e-12
3.654337959902359236e-12
3.654303085049199205e-12
3.654689030028222425e-12
3.654326524324820139e-12
3.654296464509778143e-12
3.654354491925538496e-12
3.654296464509778143e-12
3.654517129929824410e-12
3.654290016055312119e-12
3.654317639487871696e-12
3.654337959902359236e-12
3.654290016055312119e-12
3.654428520891018038e-12
3.654283658550642068e-12
3.654310037531542347e-12
3.654326524324820139e-12
3.654283658550642068e-12
3.654277350058631818e-12
3.654303085049199205e-12
3.654381240751234541e-12
3.654317639487871696e-12
3.654277350058631818e-12
3.654296464509778143e-12
3.654271069173052345e-12
3.654354491925538496e-12
3.654310037531542347e-12
3.654271069173052345e-12
3.654264804484069123e-12
3.654290016055312119e-12
3.654337959902359236e-12
3.654303085049199205e-12
3.654264804484069123e-12
3.654258549757098284e-12
3.654283658550642068e-12
3.654326524324820139e-12
3.654258549757098284e-12
3.654296464509778143e-12
3.654252301561182055e-12
3.654277350058631818e-12
3.654317639487871696e-12
3.654252301561182055e-12
3.654290016055312119e-12
3.654246058004218293e-12
3.654271069173052345e-12
3.654310037531542347e-12
3.654246058004218293e-12
3.654283658550642068e-12
3.654239818117671397e-12
3.654264804484069123e-12
3.654239818117671397e-12
3.654303085049199205e-12
3.654277350058631818e-12
3.654233581015028318e-12
3.654258549757098284e-12
3.654233581015028318e-12
3.654296464509778143e-12
3.654227346389100511e-12
3.654271069173052345e-12
3.654252301561182055e-12
3.654227346389100511e-12
3.654221113838918634e-12
3.654290016055312119e-12
3.654264804484069123e-12
3.654246058004218293e-12
3.654221113838918634e-12
3.654214883240355515e-12
3.654283658550642068e-12
3.654258549757098284e-12
3.654214883240355515e-12
3.654239818117671397e-12
3.654208654688682324e-12
3.654252301561182055e-12
3.654277350058631818e-12
3.654208654688682324e-12
3.654233581015028318e-12
3.654202427769425032e-12
3.654246058004218293e-12
3.654202427769425032e-12
3.654271069173052345e-12
3.654227346389100511e-12
3.654196202678893629e-12
3.654239818117671397e-12
3.654196202678893629e-12
3.654264804484069123e-12
3.654221113838918634e-12
3.654189979158131309e-12
3.654233581015028318e-12
3.654189979158131309e-12
3.654258549757098284e-12
3.654214883240355515e-12
3.654183757323299594e-12
3.654227346389100511e-12
3.654183757323299594e-12
3.654208654688682324e-12
3.654252301561182055e-12
3.654177537311081195e-12
3.654221113838918634e-12
3.654177537311081195e-12
3.654202427769425032e-12
3.654246058004218293e-12
3.654171318679636457e-12
3.654171318679636457e-12
3.654214883240355515e-12
3.654196202678893629e-12
3.654239818117671397e-12
3.654165101810630069e-12
3.654165101810630069e-12
3.654208654688682324e-12
3.654189979158131309e-12
3.654158886549762959e-12
3.654233581015028318e-12
3.654158886549762959e-12
3.654202427769425032e-12
3.654183757323299594e-12
3.654152672798732303e-12
3.654227346389100511e-12
3.654152672798732303e-12
3.654196202678893629e-12
3.654177537311081195e-12
3.654146460793330620e-12
3.654146460793330620e-12
3.654221113838918634e-12
3.654189979158131309e-12
3.654171318679636457e-12
3.654140250325319230e-12
3.654140250325319230e-12
3.654214883240355515e-12
3.654183757323299594e-12
3.654165101810630069e-12
3.654134041465168429e-12
3.654134041465168429e-12
3.654208654688682324e-12
3.654177537311081195e-12
3.654158886549762959e-12
3.654127834161696417e-12
3.654127834161696417e-12
3.654171318679636457e-12
3.654202427769425032e-12
3.654121628601790272e-12
3.654152672798732303e-12
3.654121628601790272e-12
3.654165101810630069e-12
3.654146460793330620e-12
3.654115424505037385e-12
3.654196202678893629e-12
3.654115424505037385e-12
3.654158886549762959e-12
3.654140250325319230e-12
3.654109222081174083e-12
3.654189979158131309e-12
3.654109222081174083e-12
3.654152672798732303e-12
3.654103021179691463e-12
3.654183757323299594e-12
3.654134041465168429e-12
3.654103021179691463e-12
3.654146460793330620e-12
3.654096821875812068e-12
3.654127834161696417e-12
3.654177537311081195e-12
3.654096821875812068e-12
3.654140250325319230e-12
3.654121628601790272e-12
3.654090624202203071e-12
3.654171318679636457e-12
3.654090624202203071e-12
3.654134041465168429e-12
3.654084428151167814e-12
3.654115424505037385e-12
3.654084428151167814e-12
3.654165101810630069e-12
3.654127834161696417e-12
3.654109222081174083e-12
3.654078233680667913e-12
3.654078233680667913e-12
3.654158886549762959e-12
3.654121628601790272e-12
3.654103021179691463e-12
3.654072040818995528e-12
3.654072040818995528e-12
3.654152672798732303e-12
3.654115424505037385e-12
3.654096821875812068e-12
3.654065849505824638e-12
3.654065849505824638e-12
3.654146460793330620e-12
3.654109222081174083e-12
3.654090624202203071e-12
3.654059659756525938e-12
3.654059659756525938e-12
3.654140250325319230e-12
3.654103021179691463e-12
3.654084428151167814e-12
3.654053471804293274e-12
3.654053471804293274e-12
3.654134041465168429e-12
3.654078233680667913e-12
3.654096821875812068e-12
3.654047285142996317e-12
3.654047285142996317e-12
3.654127834161696417e-12
3.654072040818995528e-12
3.654041100301173590e-12
3.654090624202203071e-12
3.654041100301173590e-12
3.654121628601790272e-12
3.654034916912871182e-12
3.654065849505824638e-12
3.654084428151167814e-12
3.654034916912871182e-12
3.654115424505037385e-12
3.654028735134254976e-12
3.654059659756525938e-12
3.654078233680667913e-12
3.654028735134254976e-12
3.654109222081174083e-12
3.654022554997589862e-12
3.654053471804293274e-12
3.654022554997589862e-12
3.654072040818995528e-12
3.654103021179691463e-12
3.654016376496476500e-12
3.654047285142996317e-12
3.654016376496476500e-12
3.654065849505824638e-12
3.654010199410238612e-12
3.654096821875812068e-12
3.654010199410238612e-12
3.654041100301173590e-12
3.654059659756525938e-12
3.654004024005629829e-12
3.654004024005629829e-12
3.654090624202203071e-12
3.654034916912871182e-12
3.654053471804293274e-12
3.653997850210214494e-12
3.653997850210214494e-12
3.654084428151167814e-12
3.654028735134254976e-12
3.654047285142996317e-12
3.653991677918119951e-12
3.653991677918119951e-12
3.654078233680667913e-12
3.654022554997589862e-12
3.654041100301173590e-12
3.653985507351708342e-12
3.653985507351708342e-12
3.654016376496476500e-12
3.654072040818995528e-12
3.654034916912871182e-12
3.653979338255880075e-12
3.653979338255880075e-12
3.654010199410238612e-12
3.654065849505824638e-12
3.654028735134254976e-12
3.653973170821579778e-12
3.653973170821579778e-12
3.654004024005629829e-12
3.654059659756525938e-12
3.654022554997589862e-12
3.653967004813400249e-12
3.653967004813400249e-12
3.653997850210214494e-12
3.654016376496476500e-12
3.654053471804293274e-12
3.653960840645275107e-12
3.653960840645275107e-12
3.653991677918119951e-12
3.654010199410238612e-12
3.654047285142996317e-12
3.653954677920332141e-12
3.653954677920332141e-12
3.654004024005629829e-12
3.653985507351708342e-12
3.654041100301173590e-12
3.653948516820992142e-12
3.653948516820992142e-12
3.653979338255880075e-12
3.653997850210214494e-12
3.653942357240539116e-12
3.653942357240539116e-12
3.654034916912871182e-12
3.653973170821579778e-12
3.653991677918119951e-12
3.653936199276414779e-12
3.653936199276414779e-12
3.654028735134254976e-12
3.653930042902466005e-12
3.653967004813400249e-12
3.653985507351708342e-12
3.653930042902466005e-12
3.654022554997589862e-12
3.653923887987936059e-12
3.653960840645275107e-12
3.653979338255880075e-12
3.653923887987936059e-12
3.654016376496476500e-12
3.653917734977682511e-12
3.653954677920332141e-12
3.653973170821579778e-12
3.653917734977682511e-12
3.654010199410238612e-12
3.653911583097145231e-12
3.653948516820992142e-12
3.653967004813400249e-12
3.653911583097145231e-12
3.654004024005629829e-12
3.653905433076099466e-12
3.653942357240539116e-12
3.653960840645275107e-12
3.653905433076099466e-12
3.653997850210214494e-12
3.653899284643606408e-12
3.653936199276414779e-12
