1.208022742026385325e-13
1.208022742026385325e-13
1.208022742026385325e-13
1.892925189061790194e-13
1.892925189061790194e-13
1.892925189061790194e-13
8.498210512335286790e-14
8.498210512335286790e-14
8.498210512335286790e-14
8.243035010781152041e-14
8.243035010781152041e-14
8.243035010781152041e-14
8.010949498183204891e-14
8.010949498183204891e-14
8.010949498183204891e-14
7.812310279627115785e-14
7.812310279627115785e-14
7.812310279627115785e-14
7.648913468156729194e-14
7.648913468156729194e-14
7.648913468156729194e-14
7.518141483002769272e-14
7.518141483002769272e-14
7.518141483002769272e-14
7.415409007779651617e-14
7.415409007779651617e-14
7.415409007779651617e-14
7.335591702045257499e-14
7.335591702045257499e-14
7.335591702045257499e-14
7.273810128998248782e-14
7.273810128998248782e-14
7.273810128998248782e-14
7.225805974525947944e-14
7.225805974525947944e-14
7.225805974525947944e-14
7.188070691924001557e-14
7.188070691924001557e-14
7.188070691924001557e-14
7.157833618085493840e-14
7.157833618085493840e-14
7.157833618085493840e-14
7.132979021568166234e-14
7.132979021568166234e-14
7.132979021568166234e-14
7.111935848132125317e-14
7.111935848132125317e-14
7.111935848132125317e-14
3.166855420780833093e-11
3.166855420780833093e-11
3.166855420780833093e-11
7.085607976840298369e-14
7.085607976840298369e-14
7.085607976840298369e-14
7.066264825390156095e-14
7.066264825390156095e-14
7.066264825390156095e-14
7.053602702298090402e-14
7.053602702298090402e-14
7.053602702298090402e-14
7.041449119617693931e-14
7.041449119617693931e-14
7.041449119617693931e-14
1.332528086938172793e-12
1.332528086938172793e-12
1.332528086938172793e-12
9.333473238547093488e-14
9.333473238547093488e-14
9.333473238547093488e-14
7.009406361086243308e-14
7.009406361086243308e-14
7.009406361086243308e-14
6.999503908374708466e-14
6.999503908374708466e-14
6.999503908374708466e-14
6.989627441023547587e-14
6.989627441023547587e-14
6.989627441023547587e-14
8.450388555878102422e-12
8.450388555878102422e-12
8.450388555878102422e-12
7.490474063051163773e-14
7.490474063051163773e-14
7.490474063051163773e-14
6.962241526676905279e-14
6.962241526676905279e-14
6.962241526676905279e-14
6.953378933483949668e-14
6.953378933483949668e-14
6.944485878858374495e-14
6.944485878858374495e-14
6.944485878858374495e-14
6.024766813005301617e-11
6.024766813005301617e-11
6.024766813005301617e-11
7.111085078960216726e-14
7.111085078960216726e-14
7.111085078960216726e-14
6.919428058765902115e-14
6.919428058765902115e-14
6.919428058765902115e-14
6.911179958840660932e-14
6.911179958840660932e-14
6.911179958840660932e-14
6.902816360750469217e-14
6.902816360750469217e-14
6.902816360750469217e-14
1.369919251066369675e-11
1.369919251066369675e-11
1.369919251066369675e-11
6.892060522214515855e-14
6.892060522214515855e-14
6.892060522214515855e-14
6.879232741172489035e-14
6.879232741172489035e-14
6.879232741172489035e-14
6.871347008099633594e-14
6.871347008099633594e-14
6.871347008099633594e-14
6.863314363213043934e-14
6.863314363213043934e-14
6.863314363213043934e-14
6.135459847390715005e-13
6.135459847390715005e-13
6.135459847390715005e-13
6.853588677377648350e-14
6.853588677377648350e-14
6.853588677377648350e-14
6.840601771556850722e-14
6.840601771556850722e-14
6.840601771556850722e-14
6.832915453787150336e-14
6.832915453787150336e-14
6.832915453787150336e-14
6.825300243531736750e-14
6.825300243531736750e-14
1.973095490127819888e-13
1.973095490127819888e-13
1.973095490127819888e-13
6.811043928689732897e-14
6.811043928689732897e-14
6.811043928689732897e-14
6.802985266499849994e-14
6.802985266499849994e-14
6.802985266499849994e-14
6.795406225197616208e-14
6.795406225197616208e-14
6.795406225197616208e-14
2.424258266509331725e-12
2.424258266509331725e-12
2.424258266509331725e-12
6.780959055213644654e-14
6.780959055213644654e-14
6.773448875260743786e-14
6.773448875260743786e-14
6.773448875260743786e-14
6.766073525998431972e-14
6.766073525998431972e-14
6.766073525998431972e-14
6.758549556789737077e-14
6.758549556789737077e-14
6.758549556789737077e-14
5.987014851022937999e-12
5.987014851022937999e-12
6.762858875170089902e-14
6.762858875170089902e-14
6.762858875170089902e-14
6.737106418562497138e-14
6.737106418562497138e-14
6.737106418562497138e-14
6.729831141343991370e-14
6.729831141343991370e-14
6.722387215190364908e-14
6.722387215190364908e-14
6.055111835869933253e-13
6.055111835869933253e-13
6.709808617632190128e-14
6.709808617632190128e-14
6.709808617632190128e-14
6.701249094957413920e-14
6.701249094957413920e-14
6.701249094957413920e-14
6.694030516272534894e-14
6.694030516272534894e-14
6.686865226702853256e-14
6.686865226702853256e-14
6.686865226702853256e-14
2.299038746344263824e-13
2.299038746344263824e-13
2.299038746344263824e-13
6.673322187600603251e-14
6.673322187600603251e-14
6.665774703625018936e-14
6.665774703625018936e-14
6.665774703625018936e-14
6.658586446249059165e-14
6.658586446249059165e-14
1.389616845738099374e-10
1.389616845738099374e-10
1.389616845738099374e-10
6.955086311681432734e-14
6.955086311681432734e-14
6.955086311681432734e-14
6.637681025118918756e-14
6.637681025118918756e-14
6.637681025118918756e-14
6.630642259957215092e-14
6.630642259957215092e-14
6.630642259957215092e-14
6.623467132028357073e-14
6.623467132028357073e-14
6.623467132028357073e-14
1.021727322518385219e-11
1.021727322518385219e-11
6.643357660060972682e-14
6.643357660060972682e-14
6.643357660060972682e-14
6.602864275413831728e-14
6.602864275413831728e-14
6.602864275413831728e-14
6.595877095269821288e-14
6.595877095269821288e-14
6.595877095269821288e-14
6.588724588561593968e-14
6.588724588561593968e-14
7.091561154685402399e-13
7.091561154685402399e-13
7.091561154685402399e-13
6.576589767309818694e-14
6.576589767309818694e-14
6.568414175053565363e-14
6.568414175053565363e-14
6.568414175053565363e-14
6.561447780450692565e-14
6.561447780450692565e-14
1.279112082838047310e-13
1.279112082838047310e-13
1.279112082838047310e-13
7.213026127524623081e-14
7.213026127524623081e-14
7.213026127524623081e-14
6.541178284683873928e-14
6.541178284683873928e-14
6.534265657750920687e-14
6.534265657750920687e-14
6.534265657750920687e-14
6.527308277679841069e-14
6.527308277679841069e-14
6.527308277679841069e-14
7.139357539801188531e-11
7.139357539801188531e-11
6.673911099264113048e-14
6.673911099264113048e-14
6.673911099264113048e-14
6.507291464919188271e-14
6.507291464919188271e-14
6.507291464919188271e-14
6.500562355686014856e-14
6.500562355686014856e-14
6.500562355686014856e-14
6.493671509066011437e-14
6.493671509066011437e-14
6.493671509066011437e-14
6.669112564240807969e-12
6.669112564240807969e-12
6.553377161743680674e-14
6.553377161743680674e-14
6.553377161743680674e-14
6.473821172636794767e-14
6.473821172636794767e-14
6.467126230341309862e-14
6.467126230341309862e-14
6.473821172636794767e-14
6.460276336290164970e-14
6.460276336290164970e-14
6.467126230341309862e-14
3.183351126081650939e-12
3.183351126081650939e-12
6.460276336290164970e-14
6.447349869041108014e-14
6.447349869041108014e-14
3.183351126081650939e-12
6.440656413158857529e-14
6.440656413158857529e-14
6.447349869041108014e-14
6.434005377334227273e-14
6.434005377334227273e-14
6.440656413158857529e-14
6.427195661149007606e-14
6.434005377334227273e-14
6.427195661149007606e-14
2.611062364833287216e-12
2.611062364833287216e-12
6.427195661149007606e-14
6.420723431396524353e-14
6.420723431396524353e-14
2.611062364833287216e-12
6.407828718376068206e-14
6.407828718376068206e-14
6.420723431396524353e-14
6.401227968760935523e-14
6.401227968760935523e-14
6.407828718376068206e-14
6.394470070137070517e-14
6.401227968760935523e-14
1.048514766948357680e-12
6.394470070137070517e-14
6.382081767891006321e-14
6.382081767891006321e-14
1.048514766948357680e-12
6.375289428340832962e-14
6.375289428340832962e-14
6.382081767891006321e-14
6.368724454323015056e-14
6.368724454323015056e-14
6.375289428340832962e-14
6.362184289954808121e-14
6.362184289954808121e-14
6.368724454323015056e-14
2.540126099477810605e-13
2.540126099477810605e-13
6.362184289954808121e-14
6.349770464449285069e-14
6.349770464449285069e-14
2.540126099477810605e-13
6.343056990070043512e-14
6.343056990070043512e-14
6.349770464449285069e-14
6.336528503806563963e-14
6.343056990070043512e-14
7.152944360391096876e-14
7.152944360391096876e-14
6.336528503806563963e-14
8.441921916919439799e-14
8.441921916919439799e-14
7.152944360391096876e-14
6.317584214683592416e-14
8.441921916919439799e-14
6.311165028237031389e-14
6.317584214683592416e-14
6.304691786701440260e-14
6.304691786701440260e-14
6.311165028237031389e-14
7.232577812111188978e-13
7.232577812111188978e-13
6.304691786701440260e-14
8.659507489709203615e-14
7.232577812111188978e-13
6.285840901570262258e-14
6.285840901570262258e-14
8.659507489709203615e-14
6.279531508662441119e-14
6.285840901570262258e-14
6.273091022017782022e-14
6.273091022017782022e-14
6.279531508662441119e-14
5.209719155447563737e-11
5.209719155447563737e-11
6.273091022017782022e-14
6.574635608371281842e-14
6.574635608371281842e-14
5.209719155447563737e-11
6.254433419411026354e-14
6.574635608371281842e-14
6.248158251736675849e-14
6.254433419411026354e-14
6.241734559607147156e-14
6.241734559607147156e-14
6.248158251736675849e-14
9.957082397312459887e-13
9.957082397312459887e-13
6.241734559607147156e-14
6.244654956450195769e-14
9.957082397312459887e-13
6.223325874612380147e-14
6.244654956450195769e-14
6.217065156619797711e-14
6.217065156619797711e-14
6.223325874612380147e-14
6.210662768171795094e-14
6.210662768171795094e-14
6.217065156619797711e-14
9.883424934430489791e-14
9.883424934430489791e-14
6.210662768171795094e-14
6.198649401778026498e-14
6.198649401778026498e-14
9.883424934430489791e-14
6.192535892097288985e-14
6.192535892097288985e-14
6.198649401778026498e-14
6.186307302537835889e-14
6.186307302537835889e-14
6.192535892097288985e-14
6.822334673178854994e-14
6.822334673178854994e-14
6.186307302537835889e-14
1.134423377498492559e-13
1.134423377498492559e-13
6.822334673178854994e-14
6.168133092989625592e-14
1.134423377498492559e-13
6.162004292893863221e-14
6.162004292893863221e-14
6.168133092989625592e-14
6.155792422487522650e-14
6.155792422487522650e-14
6.162004292893863221e-14
8.616968051145508582e-11
8.616968051145508582e-11
6.155792422487522650e-14
6.259691775953385809e-14
6.259691775953385809e-14
8.616968051145508582e-11
6.137790599961728038e-14
6.137790599961728038e-14
6.259691775953385809e-14
6.131731286685612769e-14
6.131731286685612769e-14
6.137790599961728038e-14
6.125527256061946549e-14
6.125527256061946549e-14
6.131731286685612769e-14
4.133034638521478756e-13
4.133034638521478756e-13
6.125527256061946549e-14
6.116730418208587033e-14
4.133034638521478756e-13
6.107839854691595433e-14
6.116730418208587033e-14
6.101823803676065633e-14
6.107839854691595433e-14
6.095664335448247788e-14
6.101823803676065633e-14
7.280608044073131053e-13
7.280608044073131053e-13
6.095664335448247788e-14
6.084181904061896871e-14
7.280608044073131053e-13
6.078146690797575466e-14
6.084181904061896871e-14
6.072157712649248838e-14
6.078146690797575466e-14
6.066027943326373744e-14
6.066027943326373744e-14
6.072157712649248838e-14
4.505564757949592776e-13
4.505564757949592776e-13
6.066027943326373744e-14
6.054677351819507845e-14
6.054677351819507845e-14
4.505564757949592776e-13
6.048852796415250974e-14
6.048852796415250974e-14
6.054677351819507845e-14
6.042959661152109685e-14
6.042959661152109685e-14
6.048852796415250974e-14
6.036925805746719827e-14
6.036925805746719827e-14
6.042959661152109685e-14
4.261242348029591026e-12
4.261242348029591026e-12
6.036925805746719827e-14
6.025497078017820690e-14
6.025497078017820690e-14
4.261242348029591026e-12
6.019778570386595123e-14
6.019778570386595123e-14
6.025497078017820690e-14
6.013946807039641144e-14
6.013946807039641144e-14
6.019778570386595123e-14
6.007975936513895586e-14
6.013946807039641144e-14
6.354810467623324448e-14
6.007975936513895586e-14
5.996932397369775321e-14
5.996932397369775321e-14
6.354810467623324448e-14
5.990947958127213866e-14
5.990947958127213866e-14
5.996932397369775321e-14
5.985156325331018621e-14
5.990947958127213866e-14
5.979226755421341382e-14
5.979226755421341382e-14
5.985156325331018621e-14
1.905727432850407613e-12
1.905727432850407613e-12
5.979226755421341382e-14
5.972830174047013068e-14
5.972830174047013068e-14
1.905727432850407613e-12
5.962402605140381444e-14
5.962402605140381444e-14
5.972830174047013068e-14
5.956658833455853624e-14
5.956658833455853624e-14
5.962402605140381444e-14
5.950778399883823987e-14
5.950778399883823987e-14
5.956658833455853624e-14
9.927314599398292661e-14
9.927314599398292661e-14
5.950778399883823987e-14
5.941205628232900608e-14
5.941205628232900608e-14
9.927314599398292661e-14
5.934098605342616827e-14
5.934098605342616827e-14
5.941205628232900608e-14
5.928384788171847580e-14
5.928384788171847580e-14
5.934098605342616827e-14
5.924956140649911266e-14
5.924956140649911266e-14
5.928384788171847580e-14
1.749318035082481397e-13
1.749318035082481397e-13
5.924956140649911266e-14
5.912015401910031884e-14
5.912015401910031884e-14
1.749318035082481397e-13
5.906036763001184052e-14
5.906036763001184052e-14
5.912015401910031884e-14
5.900340882480058095e-14
5.900340882480058095e-14
5.906036763001184052e-14
2.404940274052638993e-10
5.900340882480058095e-14
6.609938523352754842e-14
6.609938523352754842e-14
2.404940274052638993e-10
5.883808744906178604e-14
5.883808744906178604e-14
6.609938523352754842e-14
5.878233586025222934e-14
5.883808744906178604e-14
5.872556241406091871e-14
5.872556241406091871e-14
5.878233586025222934e-14
2.422004925239320714e-11
2.422004925239320714e-11
5.872556241406091871e-14
5.862767223391484172e-14
5.862767223391484172e-14
2.422004925239320714e-11
5.856225661246550053e-14
5.856225661246550053e-14
5.862767223391484172e-14
5.850706355195693821e-14
5.856225661246550053e-14
5.845056154650954397e-14
5.845056154650954397e-14
5.850706355195693821e-14
3.624222124505243904e-12
3.624222124505243904e-12
5.845056154650954397e-14
5.836129699246763116e-14
3.624222124505243904e-12
5.828930927954104217e-14
5.836129699246763116e-14
5.823439456682907339e-14
5.823439456682907339e-14
5.828930927954104217e-14
5.817819369114209363e-14
5.817819369114209363e-14
5.823439456682907339e-14
1.297081418028926176e-13
1.297081418028926176e-13
5.817819369114209363e-14
5.807978545011670986e-14
5.807978545011670986e-14
1.297081418028926176e-13
5.801868249359118894e-14
5.801868249359118894e-14
5.807978545011670986e-14
5.796391335635376084e-14
5.801868249359118894e-14
3.400332824491802958e-13
5.796391335635376084e-14
7.425015729469704273e-14
7.425015729469704273e-14
3.400332824491802958e-13
5.780381584923745842e-14
7.425015729469704273e-14
5.775040814867562632e-14
5.775040814867562632e-14
5.780381584923745842e-14
5.769572364981523736e-14
5.769572364981523736e-14
5.775040814867562632e-14
2.692548354321557076e-13
2.692548354321557076e-13
5.769572364981523736e-14
5.772347204982764693e-14
5.772347204982764693e-14
2.692548354321557076e-13
5.753782220993054180e-14
5.753782220993054180e-14
5.772347204982764693e-14
5.748440070507978905e-14
5.748440070507978905e-14
5.753782220993054180e-14
5.742974570630152781e-14
5.742974570630152781e-14
5.748440070507978905e-14
9.620267438662868870e-14
9.620267438662868870e-14
5.742974570630152781e-14
5.734844146425438644e-14
9.620267438662868870e-14
5.727404090609932731e-14
5.734844146425438644e-14
5.722062625770539194e-14
5.727404090609932731e-14
8.755663272626961869e-11
8.755663272626961869e-11
5.722062625770539194e-14
6.682003979411173892e-14
8.755663272626961869e-11
5.706478763494761859e-14
5.706478763494761859e-14
6.682003979411173892e-14
5.701249481489925412e-14
5.701249481489925412e-14
5.706478763494761859e-14
5.695901169670897553e-14
5.695901169670897553e-14
5.701249481489925412e-14
4.751651385460461241e-12
4.751651385460461241e-12
5.695901169670897553e-14
5.691628668683839376e-14
4.751651385460461241e-12
5.680575144522999109e-14
5.691628668683839376e-14
5.675359907093208811e-14
5.675359907093208811e-14
5.680575144522999109e-14
5.670328961232826944e-14
5.670328961232826944e-14
5.675359907093208811e-14
1.037351293700618400e-13
1.037351293700618400e-13
5.670328961232826944e-14
5.660007693903329381e-14
5.660007693903329381e-14
1.037351293700618400e-13
5.654894559507439352e-14
5.654894559507439352e-14
5.660007693903329381e-14
5.649679370740724501e-14
5.649679370740724501e-14
5.654894559507439352e-14
3.326354620562379729e-10
3.326354620562379729e-10
5.649679370740724501e-14
6.645130929802572527e-14
6.645130929802572527e-14
3.326354620562379729e-10
5.634612824807756717e-14
5.634612824807756717e-14
6.645130929802572527e-14
5.629579436433478164e-14
5.629579436433478164e-14
5.634612824807756717e-14
5.624428437395571985e-14
5.624428437395571985e-14
5.629579436433478164e-14
9.240327608934785626e-14
9.240327608934785626e-14
5.624428437395571985e-14
9.666711995267462585e-14
9.666711995267462585e-14
9.240327608934785626e-14
5.609492288074373911e-14
5.609492288074373911e-14
9.666711995267462585e-14
5.604538291192656068e-14
5.604538291192656068e-14
5.609492288074373911e-14
5.599468668780573935e-14
5.604538291192656068e-14
5.594283736640444592e-14
5.594283736640444592e-14
5.599468668780573935e-14
3.709347036046221337e-13
5.594283736640444592e-14
5.584960288805962665e-14
5.584960288805962665e-14
3.709347036046221337e-13
5.579680852138724013e-14
5.579680852138724013e-14
5.574665020237238825e-14
5.574665020237238825e-14
5.584960288805962665e-14
5.569532829944963112e-14
5.569532829944963112e-14
5.579680852138724013e-14
1.182353619910942764e-13
1.182353619910942764e-13
5.574665020237238825e-14
5.559905985074888289e-14
5.569532829944963112e-14
5.555022426375695445e-14
5.555022426375695445e-14
1.182353619910942764e-13
5.550039013176206376e-14
5.559905985074888289e-14
5.549060445406328570e-14
5.555022426375695445e-14
7.193276477469617902e-14
5.550039013176206376e-14
5.535717070204520557e-14
5.535717070204520557e-14
5.549060445406328570e-14
5.530587295128900481e-14
7.193276477469617902e-14
5.525631631129646292e-14
5.525631631129646292e-14
5.535717070204520557e-14
1.309963340778153484e-13
1.309963340778153484e-13
5.530587295128900481e-14
8.086812807039063566e-14
5.525631631129646292e-14
5.511222019283970123e-14
5.511222019283970123e-14
1.309963340778153484e-13
5.506436109631510593e-14
5.506436109631510593e-14
8.086812807039063566e-14
5.501535355735595817e-14
5.501535355735595817e-14
5.511222019283970123e-14
5.519628331706028877e-14
5.519628331706028877e-14
5.506436109631510593e-14
1.446564833418232953e-13
1.446564833418232953e-13
5.501535355735595817e-14
5.487258972412096968e-14
5.519628331706028877e-14
5.482543022018297540e-14
5.482543022018297540e-14
1.446564833418232953e-13
5.477712216025925929e-14
5.477712216025925929e-14
5.487258972412096968e-14
5.472766892328518984e-14
5.472766892328518984e-14
5.482543022018297540e-14
4.379335108111654181e-13
4.379335108111654181e-13
5.477712216025925929e-14
5.464075421269454956e-14
5.472766892328518984e-14
5.458866044545399395e-14
5.458866044545399395e-14
4.379335108111654181e-13
5.454100827291144289e-14
5.454100827291144289e-14
5.464075421269454956e-14
5.449221909101763645e-14
5.449221909101763645e-14
5.458866044545399395e-14
6.042209200697003268e-14
5.454100827291144289e-14
5.440187463663924800e-14
5.440187463663924800e-14
5.449221909101763645e-14
5.435377339737846283e-14
5.435377339737846283e-14
6.042209200697003268e-14
5.430656064488317378e-14
5.440187463663924800e-14
5.425822153174811937e-14
5.435377339737846283e-14
1.835500736703040183e-12
1.835500736703040183e-12
5.430656064488317378e-14
5.418181385911951846e-14
5.412093623989898408e-14
5.425822153174811937e-14
5.412093623989898408e-14
5.407404861480749999e-14
5.407404861480749999e-14
1.835500736703040183e-12
5.402605227967054835e-14
5.402605227967054835e-14
5.418181385911951846e-14
9.178521163160105796e-14
9.178521163160105796e-14
5.412093623989898408e-14
5.394710996866472463e-14
5.394710996866472463e-14
5.407404861480749999e-14
5.389024136729158529e-14
5.389024136729158529e-14
5.402605227967054835e-14
5.384365299105232885e-14
5.384365299105232885e-14
9.178521163160105796e-14
5.381160631914676276e-14
5.381160631914676276e-14
5.394710996866472463e-14
1.521958275480997724e-13
1.521958275480997724e-13
5.389024136729158529e-14
5.371067052189438147e-14
5.371067052189438147e-14
5.384365299105232885e-14
5.366151268931564666e-14
5.381160631914676276e-14
5.361511153717404400e-14
5.361511153717404400e-14
1.521958275480997724e-13
4.756141530405902820e-11
4.756141530405902820e-11
5.371067052189438147e-14
6.644055887645737636e-14
6.644055887645737636e-14
5.366151268931564666e-14
5.348033676354842158e-14
5.348033676354842158e-14
5.361511153717404400e-14
5.343468872409259221e-14
5.343468872409259221e-14
4.756141530405902820e-11
5.338837670111810521e-14
5.338837670111810521e-14
6.644055887645737636e-14
1.764472013662929026e-11
1.764472013662929026e-11
5.348033676354842158e-14
5.359380974004326814e-14
5.343468872409259221e-14
5.325501070246381833e-14
5.325501070246381833e-14
5.338837670111810521e-14
5.320981617520508214e-14
1.764472013662929026e-11
5.316355684067038760e-14
5.359380974004326814e-14
6.708137617903802078e-13
6.708137617903802078e-13
5.325501070246381833e-14
5.309771598306485719e-14
5.320981617520508214e-14
5.303251219966091404e-14
5.303251219966091404e-14
5.316355684067038760e-14
5.298761185786406212e-14
6.708137617903802078e-13
5.294515120682261171e-14
5.309771598306485719e-14
1.950262569220916064e-13
1.950262569220916064e-13
5.303251219966091404e-14
5.285567446421747842e-14
5.298761185786406212e-14
5.281189844959126436e-14
5.281189844959126436e-14
5.294515120682261171e-14
5.276716521050337803e-14
1.950262569220916064e-13
1.415506620120766715e-11
1.415506620120766715e-11
5.285567446421747842e-14
5.618396177290554987e-14
5.618396177290554987e-14
5.281189844959126436e-14
5.263714391449130237e-14
5.263714391449130237e-14
5.276716521050337803e-14
5.259318630985813328e-14
1.415506620120766715e-11
5.254855696684111087e-14
5.254855696684111087e-14
5.618396177290554987e-14
3.052625899964269902e-11
3.052625899964269902e-11
5.263714391449130237e-14
5.367152832269293385e-14
5.367152832269293385e-14
5.259318630985813328e-14
5.242035385851193224e-14
5.237709513042893596e-14
5.237709513042893596e-14
5.254855696684111087e-14
5.233284032365432807e-14
5.233284032365432807e-14
3.052625899964269902e-11
1.304493394121397278e-11
1.304493394121397278e-11
5.367152832269293385e-14
5.286303195569742471e-14
5.242035385851193224e-14
5.220570624355614939e-14
5.220570624355614939e-14
5.237709513042893596e-14
5.216268546667804955e-14
5.233284032365432807e-14
5.211864906532535694e-14
5.211864906532535694e-14
1.304493394121397278e-11
6.593329128519586295e-13
6.593329128519586295e-13
5.286303195569742471e-14
5.212053890099037116e-14
5.212053890099037116e-14
5.220570624355614939e-14
5.199292975691380950e-14
5.216268546667804955e-14
5.195003762421837848e-14
5.195003762421837848e-14
5.211864906532535694e-14
5.191740808749590228e-14
6.593329128519586295e-13
1.012436797792545797e-13
5.212053890099037116e-14
5.182681986637607865e-14
5.182681986637607865e-14
5.199292975691380950e-14
5.178193971560756481e-14
5.178193971560756481e-14
5.195003762421837848e-14
5.173908319011284972e-14
5.173908319011284972e-14
5.191740808749590228e-14
1.209060218564175920e-10
1.209060218564175920e-10
1.012436797792545797e-13
5.346358844478835825e-14
5.182681986637607865e-14
5.161466505525394449e-14
5.161466505525394449e-14
5.178193971560756481e-14
5.157281360728532580e-14
5.173908319011284972e-14
5.152998754376869919e-14
1.209060218564175920e-10
2.719246599295463258e-12
2.719246599295463258e-12
5.346358844478835825e-14
5.152604449123139271e-14
5.152604449123139271e-14
5.161466505525394449e-14
5.140726602556111159e-14
5.140726602556111159e-14
5.157281360728532580e-14
5.136541409672180511e-14
5.136541409672180511e-14
5.152998754376869919e-14
5.616419785572729799e-14
5.616419785572729799e-14
2.719246599295463258e-12
5.471966993194399346e-14
5.471966993194399346e-14
5.152604449123139271e-14
5.124262148941831698e-14
5.124262148941831698e-14
5.140726602556111159e-14
5.120161029575263020e-14
5.120161029575263020e-14
5.136541409672180511e-14
5.115969755065364293e-14
5.115969755065364293e-14
5.616419785572729799e-14
9.374122496535969417e-13
5.471966993194399346e-14
5.163685753316872560e-14
5.163685753316872560e-14
5.124262148941831698e-14
5.103874327449818915e-14
5.120161029575263020e-14
5.099776397330924693e-14
5.099776397330924693e-14
5.115969755065364293e-14
5.095602760509190807e-14
5.095602760509190807e-14
9.374122496535969417e-13
7.364904437160379894e-14
7.364904437160379894e-14
5.163685753316872560e-14
5.088311680535671320e-14
5.088311680535671320e-14
5.103874327449818915e-14
5.083682401799928630e-14
5.083682401799928630e-14
5.099776397330924693e-14
5.079587808276593499e-14
5.079587808276593499e-14
5.095602760509190807e-14
3.288086364186844860e-10
3.288086364186844860e-10
7.364904437160379894e-14
5.441519624638491736e-14
5.441519624638491736e-14
5.088311680535671320e-14
5.067673064362164787e-14
5.083682401799928630e-14
5.063663540889024074e-14
5.063663540889024074e-14
5.079587808276593499e-14
5.059569016876277415e-14
5.059569016876277415e-14
3.288086364186844860e-10
7.179963481582558336e-12
5.441519624638491736e-14
5.077487678492439499e-14
5.077487678492439499e-14
5.067673064362164787e-14
5.047891115972101801e-14
5.063663540889024074e-14
5.043938296971578273e-14
5.043938296971578273e-14
5.059569016876277415e-14
5.039891545902898298e-14
5.039891545902898298e-14
7.179963481582558336e-12
3.047946869583296683e-13
3.047946869583296683e-13
5.077487678492439499e-14
5.083948597855549671e-14
5.083948597855549671e-14
5.047891115972101801e-14
5.028283664463135369e-14
5.028283664463135369e-14
5.043938296971578273e-14
5.024359873459951625e-14
5.024359873459951625e-14
5.039891545902898298e-14
5.020343662229045425e-14
3.047946869583296683e-13
5.476550088152109304e-12
5.476550088152109304e-12
5.083948597855549671e-14
5.039042786502908515e-14
5.028283664463135369e-14
5.008848216259218407e-14
5.024359873459951625e-14
5.004947167021711427e-14
5.004947167021711427e-14
5.020343662229045425e-14
5.000953524970272542e-14
5.476550088152109304e-12
9.841683536532160058e-13
9.841683536532160058e-13
5.039042786502908515e-14
4.993477046754266927e-14
4.993477046754266927e-14
5.008848216259218407e-14
4.989649251612942034e-14
4.989649251612942034e-14
5.004947167021711427e-14
4.985804796071776841e-14
4.985804796071776841e-14
5.000953524970272542e-14
4.981868132121547071e-14
9.841683536532160058e-13
3.727615664885276739e-11
3.727615664885276739e-11
4.993477046754266927e-14
5.086837314716793858e-14
5.086837314716793858e-14
4.989649251612942034e-14
4.970648863436929218e-14
4.970648863436929218e-14
4.985804796071776841e-14
4.966871528643471540e-14
4.966871528643471540e-14
4.981868132121547071e-14
4.963005001260926267e-14
4.963005001260926267e-14
3.727615664885276739e-11
1.161809137655532554e-12
1.161809137655532554e-12
5.086837314716793858e-14
7.429210062354754720e-14
7.429210062354754720e-14
4.970648863436929218e-14
4.951846480955578644e-14
4.966871528643471540e-14
4.948068728805740348e-14
4.948068728805740348e-14
4.963005001260926267e-14
4.944252477491711530e-14
4.944252477491711530e-14
1.161809137655532554e-12
4.974200916803956155e-14
4.974200916803956155e-14
7.429210062354754720e-14
7.331981426431860536e-14
7.331981426431860536e-14
4.951846480955578644e-14
4.933117701915277837e-14
4.933117701915277837e-14
4.948068728805740348e-14
4.929418358868301564e-14
4.929418358868301564e-14
4.944252477491711530e-14
4.925639535402702477e-14
4.974200916803956155e-14
4.945816789127217227e-14
4.945816789127217227e-14
7.331981426431860536e-14
5.633406306721493644e-14
5.633406306721493644e-14
4.933117701915277837e-14
4.914823225119516716e-14
4.914823225119516716e-14
4.929418358868301564e-14
4.910934998315369428e-14
4.910934998315369428e-14
4.925639535402702477e-14
4.907188481396780556e-14
4.907188481396780556e-14
4.945816789127217227e-14
5.790779854554276217e-14
5.633406306721493644e-14
4.999399186471936444e-14
4.999399186471936444e-14
4.914823225119516716e-14
4.896251622376214568e-14
4.910934998315369428e-14
4.892605091582168516e-14
4.892605091582168516e-14
4.907188481396780556e-14
4.888879900145113383e-14
4.888879900145113383e-14
5.790779854554276217e-14
7.682832382334157933e-11
7.682832382334157933e-11
4.999399186471936444e-14
6.036086442215486510e-14
6.036086442215486510e-14
4.896251622376214568e-14
4.878099288362922653e-14
4.878099288362922653e-14
4.892605091582168516e-14
4.874465110649264194e-14
4.888879900145113383e-14
4.870770031365298822e-14
4.870770031365298822e-14
7.682832382334157933e-11
1.193044857182631105e-12
1.193044857182631105e-12
6.036086442215486510e-14
5.211008514570669430e-14
5.211008514570669430e-14
4.878099288362922653e-14
4.860070750357704056e-14
4.860070750357704056e-14
4.874465110649264194e-14
4.856483201262209433e-14
4.856483201262209433e-14
4.870770031365298822e-14
4.852811937301691204e-14
4.852811937301691204e-14
1.193044857182631105e-12
2.171825696769125411e-12
2.171825696769125411e-12
5.211008514570669430e-14
5.016190383718670958e-14
5.016190383718670958e-14
4.860070750357704056e-14
4.842226536315331003e-14
4.842226536315331003e-14
4.856483201262209433e-14
4.838658867363489421e-14
4.852811937301691204e-14
4.835006465046671195e-14
4.835006465046671195e-14
2.171825696769125411e-12
6.464698070831472386e-12
6.464698070831472386e-12
5.016190383718670958e-14
4.843807854008228318e-14
4.843807854008228318e-14
4.842226536315331003e-14
4.824536335335813007e-14
4.838658867363489421e-14
4.820977835687263284e-14
4.820977835687263284e-14
4.835006465046671195e-14
4.817340500492059611e-14
4.817340500492059611e-14
6.464698070831472386e-12
4.613273757358522933e-13
4.613273757358522933e-13
4.843807854008228318e-14
4.810647456507775258e-14
4.810647456507775258e-14
4.824536335335813007e-14
4.806997258180704599e-14
4.820977835687263284e-14
4.803443507443360310e-14
4.803443507443360310e-14
4.817340500492059611e-14
5.923054640738115781e-12
5.923054640738115781e-12
4.613273757358522933e-13
5.028317678300933448e-14
4.810647456507775258e-14
4.793139891826712937e-14
4.793139891826712937e-14
4.806997258180704599e-14
4.789640332247317402e-14
4.789640332247317402e-14
4.803443507443360310e-14
4.786102836184065400e-14
4.786102836184065400e-14
5.923054640738115781e-12
1.123358474424901196e-10
1.123358474424901196e-10
5.028317678300933448e-14
5.107495695330508355e-14
5.107495695330508355e-14
4.793139891826712937e-14
4.775901271086982889e-14
4.775901271086982889e-14
4.789640332247317402e-14
4.772476663957332492e-14
4.772476663957332492e-14
4.786102836184065400e-14
4.768969691807001789e-14
4.768969691807001789e-14
1.123358474424901196e-10
6.222954976173762967e-11
5.107495695330508355e-14
4.921385861655187834e-14
4.921385861655187834e-14
4.775901271086982889e-14
4.758862615706234221e-14
4.758862615706234221e-14
4.772476663957332492e-14
4.755457197693596051e-14
4.755457197693596051e-14
4.768969691807001789e-14
4.751972564633819560e-14
4.751972564633819560e-14
6.222954976173762967e-11
4.753964351765007772e-14
4.753964351765007772e-14
4.921385861655187834e-14
4.750518878559211757e-14
4.750518878559211757e-14
4.758862615706234221e-14
4.741967945877123155e-14
4.755457197693596051e-14
4.738579071599006331e-14
4.738579071599006331e-14
4.751972564633819560e-14
4.735109161812806833e-14
4.735109161812806833e-14
4.753964351765007772e-14
1.540553277817507429e-12
1.540553277817507429e-12
4.750518878559211757e-14
4.733470376643876861e-14
4.733470376643876861e-14
4.741967945877123155e-14
4.725226149519519388e-14
4.725226149519519388e-14
4.738579071599006331e-14
4.721847714433349002e-14
4.721847714433349002e-14
4.735109161812806833e-14
4.720291407193764841e-14
1.540553277817507429e-12
1.774184658825012269e-13
1.774184658825012269e-13
4.733470376643876861e-14
4.712110385658246418e-14
4.712110385658246418e-14
4.725226149519519388e-14
4.708644693882733964e-14
4.708644693882733964e-14
4.721847714433349002e-14
4.705280926268954987e-14
4.705280926268954987e-14
4.720291407193764841e-14
4.102972179241398356e-12
1.774184658825012269e-13
5.297788125831207579e-14
5.297788125831207579e-14
4.712110385658246418e-14
4.695494150028298161e-14
4.695494150028298161e-14
4.708644693882733964e-14
4.692230477796383204e-14
4.692230477796383204e-14
4.705280926268954987e-14
4.688887965462175386e-14
4.102972179241398356e-12
1.343106159898464803e-10
1.343106159898464803e-10
5.297788125831207579e-14
4.798589258187941729e-14
4.798589258187941729e-14
4.695494150028298161e-14
4.679204206757687350e-14
4.679204206757687350e-14
4.692230477796383204e-14
4.675952938443940672e-14
4.675952938443940672e-14
4.688887965462175386e-14
4.672623774149374183e-14
1.343106159898464803e-10
6.876200680429685140e-12
6.876200680429685140e-12
4.798589258187941729e-14
4.666250903045818106e-14
4.679204206757687350e-14
4.663054458375714153e-14
4.663054458375714153e-14
4.675952938443940672e-14
4.659807375220836208e-14
4.672623774149374183e-14
4.656486570774245251e-14
4.656486570774245251e-14
6.876200680429685140e-12
4.705003119328821328e-14
4.705003119328821328e-14
4.666250903045818106e-14
4.651263601925978098e-14
4.651263601925978098e-14
4.663054458375714153e-14
4.647038037950263969e-14
4.647038037950263969e-14
4.659807375220836208e-14
4.643792769864922365e-14
4.643792769864922365e-14
4.656486570774245251e-14
8.181582201605761797e-11
8.181582201605761797e-11
4.705003119328821328e-14
5.706657430539556081e-14
5.706657430539556081e-14
4.651263601925978098e-14
4.634371853777375631e-14
4.647038037950263969e-14
4.631167745183601978e-14
4.631167745183601978e-14
4.643792769864922365e-14
4.627925102180471041e-14
4.627925102180471041e-14
8.181582201605761797e-11
9.387297077772278581e-12
5.706657430539556081e-14
4.635160004480729474e-14
4.634371853777375631e-14
4.618604247095054360e-14
4.631167745183601978e-14
4.615439022636472475e-14
4.627925102180471041e-14
4.612206703277277528e-14
4.612206703277277528e-14
9.387297077772278581e-12
1.322065323101173196e-13
1.322065323101173196e-13
4.635160004480729474e-14
4.607212946096020581e-14
4.607212946096020581e-14
4.618604247095054360e-14
4.603022244920135397e-14
4.615439022636472475e-14
4.599866820189551244e-14
4.599866820189551244e-14
4.612206703277277528e-14
1.728685344419289803e-12
1.728685344419289803e-12
1.322065323101173196e-13
5.748054835882738102e-14
4.607212946096020581e-14
4.590704752702449557e-14
4.590704752702449557e-14
4.603022244920135397e-14
4.587569974135567680e-14
4.587569974135567680e-14
4.599866820189551244e-14
4.584416983368859886e-14
1.728685344419289803e-12
9.309744002023261724e-12
9.309744002023261724e-12
5.748054835882738102e-14
4.578702555822862748e-14
4.578702555822862748e-14
4.590704752702449557e-14
4.575332623647142023e-14
4.587569974135567680e-14
4.572253065834083792e-14
4.584416983368859886e-14
4.569105718453718822e-14
4.569105718453718822e-14
9.309744002023261724e-12
7.489088987676604344e-14
7.489088987676604344e-14
4.578702555822862748e-14
4.563787918722805649e-14
4.563787918722805649e-14
4.575332623647142023e-14
4.560139972984155400e-14
4.572253065834083792e-14
4.557059705772163553e-14
4.569105718453718822e-14
1.104035365300821653e-10
7.489088987676604344e-14
5.202260298087737462e-14
4.563787918722805649e-14
4.548096886344920098e-14
4.548096886344920098e-14
4.560139972984155400e-14
4.545075652422205381e-14
4.545075652422205381e-14
4.557059705772163553e-14
4.541991014313137791e-14
4.541991014313137791e-14
1.104035365300821653e-10
7.674379598974657005e-14
5.202260298087737462e-14
4.537187876632202853e-14
4.537187876632202853e-14
4.548096886344920098e-14
4.533163225784772295e-14
4.545075652422205381e-14
4.530149632917757827e-14
4.541991014313137791e-14
4.530149632917757827e-14
4.732727324435441497e-14
7.674379598974657005e-14
4.732727324435441497e-14
4.627421966201365466e-14
4.537187876632202853e-14
4.627421966201365466e-14
4.521388362884893866e-14
4.533163225784772295e-14
4.521388362884893866e-14
4.518383812707610730e-14
4.518383812707610730e-14
4.530149632917757827e-14
4.515377506052000523e-14
4.515377506052000523e-14
4.732727324435441497e-14
6.332386157735588353e-13
6.332386157735588353e-13
4.627421966201365466e-14
4.898504652388177322e-14
4.898504652388177322e-14
4.521388362884893866e-14
4.506681220111036623e-14
4.518383812707610730e-14
4.506681220111036623e-14
4.503748444784247795e-14
4.515377506052000523e-14
4.503748444784247795e-14
4.500753844172474374e-14
6.332386157735588353e-13
4.500753844172474374e-14
5.762165728300580122e-12
4.898504652388177322e-14
5.762165728300580122e-12
4.526242863773704758e-14
4.526242863773704758e-14
4.506681220111036623e-14
4.492151771555163615e-14
4.492151771555163615e-14
4.503748444784247795e-14
4.489231380388152862e-14
4.489231380388152862e-14
4.500753844172474374e-14
4.486250243872172499e-14
5.762165728300580122e-12
4.486250243872172499e-14
4.140731556696975361e-13
4.140731556696975361e-13
4.526242863773704758e-14
4.481295498896454757e-14
4.481295498896454757e-14
4.492151771555163615e-14
4.477750569969705586e-14
4.477750569969705586e-14
4.489231380388152862e-14
4.474830302523025318e-14
4.474830302523025318e-14
4.486250243872172499e-14
2.298196726256152691e-12
2.298196726256152691e-12
4.140731556696975361e-13
5.134583579646654262e-14
5.134583579646654262e-14
4.481295498896454757e-14
4.466414491872752392e-14
4.466414491872752392e-14
4.477750569969705586e-14
4.463561729672188833e-14
4.463561729672188833e-14
4.474830302523025318e-14
4.460682173356227637e-14
4.460682173356227637e-14
2.298196726256152691e-12
4.471107455191285218e-14
4.471107455191285218e-14
5.134583579646654262e-14
1.023536938259552259e-13
1.023536938259552259e-13
4.466414491872752392e-14
4.452573096683229201e-14
4.452573096683229201e-14
4.463561729672188833e-14
4.449477178144122747e-14
4.449477178144122747e-14
4.460682173356227637e-14
4.446623235217365606e-14
4.446623235217365606e-14
4.471107455191285218e-14
4.443759871177170858e-14
4.443759871177170858e-14
1.023536938259552259e-13
5.096961926753741315e-14
5.096961926753741315e-14
4.452573096683229201e-14
4.438336055052563237e-14
4.438336055052563237e-14
4.449477178144122747e-14
4.435598584958461259e-14
4.435598584958461259e-14
4.446623235217365606e-14
4.432810108110655099e-14
4.443759871177170858e-14
4.429954539658645156e-14
5.096961926753741315e-14
3.351866174512226686e-11
4.438336055052563237e-14
4.475099946062846827e-14
4.435598584958461259e-14
4.421825303690103769e-14
4.432810108110655099e-14
4.419097025013103241e-14
4.419097025013103241e-14
4.429954539658645156e-14
4.416302429266786558e-14
4.416302429266786558e-14
3.351866174512226686e-11
4.414806442159503706e-14
4.475099946062846827e-14
1.847931610576755452e-13
1.847931610576755452e-13
4.421825303690103769e-14
4.408447939433627661e-14
4.419097025013103241e-14
4.405465454286252739e-14
4.405465454286252739e-14
4.416302429266786558e-14
4.402713523050098606e-14
4.402713523050098606e-14
4.414806442159503706e-14
4.399895866976982458e-14
4.399895866976982458e-14
1.847931610576755452e-13
1.418245617924958864e-12
1.418245617924958864e-12
4.408447939433627661e-14
4.395245556376415818e-14
4.405465454286252739e-14
4.391954536884652320e-14
4.402713523050098606e-14
4.389242233341179243e-14
4.389242233341179243e-14
4.399895866976982458e-14
4.386464967479622323e-14
1.418245617924958864e-12
9.388396740037712568e-12
9.388396740037712568e-12
4.395245556376415818e-14
4.414636276408137546e-14
4.414636276408137546e-14
4.391954536884652320e-14
4.378566366001295956e-14
4.378566366001295956e-14
4.389242233341179243e-14
4.375891832125746973e-14
4.386464967479622323e-14
4.373153298748132206e-14
4.373153298748132206e-14
9.388396740037712568e-12
1.363174792091933786e-11
1.363174792091933786e-11
4.414636276408137546e-14
4.494295593327760825e-14
4.378566366001295956e-14
4.365291637733172928e-14
4.365291637733172928e-14
4.375891832125746973e-14
4.362639956717378506e-14
4.362639956717378506e-14
4.373153298748132206e-14
4.359928797011091274e-14
4.359928797011091274e-14
1.363174792091933786e-11
3.886176035260187602e-11
3.886176035260187602e-11
4.494295593327760825e-14
4.605716578049709330e-14
4.605716578049709330e-14
4.365291637733172928e-14
4.352150624906304046e-14
4.352150624906304046e-14
4.362639956717378506e-14
4.349542998964189663e-14
4.349542998964189663e-14
4.359928797011091274e-14
4.346872593167291894e-14
4.346872593167291894e-14
3.886176035260187602e-11
2.054644376451355753e-12
2.054644376451355753e-12
4.605716578049709330e-14
6.340146613351493647e-14
6.340146613351493647e-14
4.352150624906304046e-14
4.339140302011410878e-14
4.339140302011410878e-14
4.349542998964189663e-14
4.336540335282898612e-14
4.336540335282898612e-14
4.346872593167291894e-14
4.333897505870341533e-14
4.333897505870341533e-14
2.054644376451355753e-12
7.577384905684308198e-13
7.577384905684308198e-13
6.340146613351493647e-14
6.213517822405595790e-14
6.213517822405595790e-14
4.339140302011410878e-14
4.326257578550651120e-14
4.326257578550651120e-14
4.336540335282898612e-14
4.323641994671100203e-14
4.323641994671100203e-14
4.333897505870341533e-14
4.321017671046087244e-14
4.321017671046087244e-14
7.577384905684308198e-13
3.207678115627893685e-10
3.207678115627893685e-10
6.213517822405595790e-14
4.316298451893666747e-14
4.326257578550651120e-14
4.313414267694359978e-14
4.323641994671100203e-14
4.310851419476645821e-14
4.310851419476645821e-14
4.321017671046087244e-14
4.308239464565382516e-14
4.308239464565382516e-14
3.207678115627893685e-10
6.925544943687690459e-13
4.316298451893666747e-14
4.364549554475932617e-14
4.364549554475932617e-14
4.313414267694359978e-14
4.300717994817933038e-14
4.300717994817933038e-14
4.310851419476645821e-14
4.298173167054198776e-14
4.298173167054198776e-14
4.308239464565382516e-14
4.295571114059860008e-14
4.295571114059860008e-14
6.925544943687690459e-13
4.992384342189321687e-13
4.992384342189321687e-13
4.364549554475932617e-14
4.291241736412708413e-14
4.291241736412708413e-14
4.300717994817933038e-14
4.288134457494346186e-14
4.288134457494346186e-14
4.298173167054198776e-14
4.285597381662782374e-14
4.285597381662782374e-14
4.295571114059860008e-14
4.289407484360279636e-14
4.289407484360279636e-14
4.992384342189321687e-13
1.508590096846688090e-13
1.508590096846688090e-13
4.291241736412708413e-14
4.278203391352325791e-14
4.278203391352325791e-14
4.288134457494346186e-14
4.275659245024286069e-14
4.275659245024286069e-14
4.285597381662782374e-14
4.273122484894820554e-14
4.273122484894820554e-14
4.289407484360279636e-14
5.912996443604687585e-11
5.912996443604687585e-11
1.508590096846688090e-13
4.308283077213570310e-14
4.308283077213570310e-14
4.278203391352325791e-14
4.265774218197295141e-14
4.265774218197295141e-14
4.275659245024286069e-14
4.263298785942227511e-14
4.263298785942227511e-14
4.273122484894820554e-14
4.260764910655350121e-14
4.260764910655350121e-14
5.912996443604687585e-11
1.215199417173853366e-12
1.215199417173853366e-12
4.308283077213570310e-14
4.263172910964827846e-14
4.263172910964827846e-14
4.265774218197295141e-14
4.253544665912744132e-14
4.253544665912744132e-14
4.263298785942227511e-14
4.251088115709843630e-14
4.251088115709843630e-14
4.260764910655350121e-14
4.248572780035827204e-14
4.248572780035827204e-14
1.215199417173853366e-12
1.233988048152480753e-12
1.233988048152480753e-12
4.263172910964827846e-14
4.243952940678151188e-14
4.243952940678151188e-14
4.253544665912744132e-14
4.241418363274892644e-14
4.241418363274892644e-14
4.251088115709843630e-14
4.238972069447092394e-14
4.238972069447092394e-14
4.248572780035827204e-14
4.236710888053102653e-14
4.236710888053102653e-14
1.233988048152480753e-12
1.915309723918857710e-13
1.915309723918857710e-13
4.243952940678151188e-14
4.232095430102984681e-14
4.232095430102984681e-14
4.241418363274892644e-14
4.229407023134932738e-14
4.229407023134932738e-14
4.238972069447092394e-14
4.226972968005127351e-14
4.226972968005127351e-14
4.236710888053102653e-14
5.010860471563949683e-13
5.010860471563949683e-13
1.915309723918857710e-13
4.222449947654080056e-14
4.222449947654080056e-14
4.232095430102984681e-14
4.219946341936937648e-14
4.219946341936937648e-14
4.229407023134932738e-14
4.217493959265385492e-14
4.217493959265385492e-14
4.226972968005127351e-14
4.215065725208590815e-14
4.215065725208590815e-14
5.010860471563949683e-13
2.157701092412704222e-12
2.157701092412704222e-12
4.222449947654080056e-14
4.336027190165254613e-14
4.336027190165254613e-14
4.219946341936937648e-14
4.208060313503355036e-14
4.208060313503355036e-14
4.217493959265385492e-14
4.205690956056292539e-14
4.205690956056292539e-14
4.215065725208590815e-14
4.203269709122916259e-14
4.203269709122916259e-14
2.157701092412704222e-12
8.116207589888439416e-13
8.116207589888439416e-13
4.336027190165254613e-14
4.198881799692236110e-14
4.198881799692236110e-14
4.208060313503355036e-14
4.196346288146259228e-14
4.196346288146259228e-14
4.205690956056292539e-14
4.193983627541402991e-14
4.203269709122916259e-14
4.191735478042178121e-14
4.191735478042178121e-14
8.116207589888439416e-13
1.092424095255000694e-13
1.092424095255000694e-13
4.198881799692236110e-14
4.187675661529099336e-14
4.187675661529099336e-14
4.196346288146259228e-14
4.184784942451555213e-14
4.184784942451555213e-14
4.193983627541402991e-14
4.182448578385395364e-14
4.182448578385395364e-14
4.191735478042178121e-14
4.180057612503744449e-14
1.092424095255000694e-13
3.900416358874946069e-13
3.900416358874946069e-13
4.187675661529099336e-14
4.176949301262066188e-14
4.176949301262066188e-14
4.184784942451555213e-14
4.173344048706405523e-14
4.182448578385395364e-14
4.171040108221083327e-14
4.171040108221083327e-14
4.180057612503744449e-14
4.168680994791154307e-14
3.900416358874946069e-13
1.429828433975238294e-12
4.176949301262066188e-14
4.168270946831906218e-14
4.173344048706405523e-14
4.161990489533362743e-14
4.161990489533362743e-14
4.171040108221083327e-14
4.159706953025867358e-14
4.159706953025867358e-14
4.168680994791154307e-14
4.157368747229627958e-14
4.157368747229627958e-14
1.429828433975238294e-12
6.800642767908715082e-12
6.800642767908715082e-12
4.168270946831906218e-14
4.153284347295427304e-14
4.153284347295427304e-14
4.161990489533362743e-14
4.150808020565454526e-14
4.159706953025867358e-14
4.148587344176714935e-14
4.148587344176714935e-14
4.157368747229627958e-14
4.146312611696132636e-14
6.800642767908715082e-12
4.144223429675078580e-14
4.144223429675078580e-14
4.153284347295427304e-14
1.487967077724561582e-13
1.487967077724561582e-13
4.150808020565454526e-14
4.140083876966145036e-14
4.140083876966145036e-14
4.148587344176714935e-14
4.137511411604388028e-14
4.146312611696132636e-14
4.135281139807145013e-14
4.135281139807145013e-14
4.144223429675078580e-14
4.132997302766500248e-14
1.487967077724561582e-13
2.296312480029470323e-12
4.140083876966145036e-14
4.154785423228117124e-14
4.137511411604388028e-14
4.126522501578395687e-14
4.126522501578395687e-14
4.135281139807145013e-14
4.124330688057764242e-14
4.124330688057764242e-14
4.132997302766500248e-14
4.122085817713157570e-14
4.122085817713157570e-14
2.296312480029470323e-12
1.745425091066055573e-10
1.745425091066055573e-10
4.154785423228117124e-14
4.167258948433334062e-14
4.126522501578395687e-14
4.115624642987202192e-14
4.115624642987202192e-14
4.124330688057764242e-14
4.113453893959747015e-14
4.122085817713157570e-14
4.111236498676917247e-14
4.111236498676917247e-14
1.745425091066055573e-10
2.358616246772907106e-11
2.358616246772907106e-11
4.167258948433334062e-14
5.415361297932562279e-14
5.415361297932562279e-14
4.115624642987202192e-14
4.104830389893699902e-14
4.104830389893699902e-14
4.113453893959747015e-14
4.102674653142482179e-14
4.111236498676917247e-14
4.100482690391144444e-14
4.100482690391144444e-14
2.358616246772907106e-11
4.861248823904194745e-13
5.415361297932562279e-14
6.776634529001993418e-14
6.776634529001993418e-14
4.104830389893699902e-14
4.094169300760421989e-14
4.094169300760421989e-14
4.102674653142482179e-14
4.091977906419197791e-14
4.100482690391144444e-14
4.089802087083522634e-14
4.089802087083522634e-14
4.861248823904194745e-13
2.576155634011536868e-10
2.576155634011536868e-10
6.776634529001993418e-14
5.057086279032318389e-14
4.094169300760421989e-14
4.083488528500116875e-14
4.083488528500116875e-14
4.091977906419197791e-14
4.081368829694562551e-14
4.081368829694562551e-14
4.089802087083522634e-14
4.079203275106716218e-14
4.079203275106716218e-14
2.576155634011536868e-10
4.306151710108468381e-11
4.306151710108468381e-11
5.057086279032318389e-14
4.125101125521344950e-14
4.125101125521344950e-14
4.083488528500116875e-14
4.072958098358106572e-14
4.081368829694562551e-14
4.070850365569288775e-14
4.070850365569288775e-14
4.079203275106716218e-14
4.068692038585485347e-14
4.068692038585485347e-14
4.306151710108468381e-11
6.404176064315421560e-12
6.404176064315421560e-12
4.125101125521344950e-14
4.077020399428666601e-14
4.077020399428666601e-14
4.072958098358106572e-14
4.062555513183569500e-14
4.062555513183569500e-14
4.070850365569288775e-14
4.060472098114479876e-14
4.060472098114479876e-14
4.068692038585485347e-14
4.058338571419841253e-14
4.058338571419841253e-14
6.404176064315421560e-12
7.022253180516660474e-13
7.022253180516660474e-13
4.077020399428666601e-14
4.078976948481532634e-14
4.078976948481532634e-14
4.062555513183569500e-14
4.052238332875524589e-14
4.060472098114479876e-14
4.050168760419721655e-14
4.058338571419841253e-14
4.048050678308499689e-14
4.048050678308499689e-14
7.022253180516660474e-13
3.730249576361140986e-12
3.730249576361140986e-12
4.078976948481532634e-14
4.045239750729338631e-14
4.045239750729338631e-14
4.052238332875524589e-14
4.042005300410651602e-14
4.042005300410651602e-14
4.050168760419721655e-14
4.039944911827980510e-14
4.039944911827980510e-14
4.048050678308499689e-14
4.037842298201539816e-14
4.037842298201539816e-14
3.730249576361140986e-12
1.309646623195694062e-13
1.309646623195694062e-13
4.045239750729338631e-14
4.035048741628259428e-14
4.035048741628259428e-14
4.042005300410651602e-14
4.031862173322029358e-14
4.031862173322029358e-14
4.039944911827980510e-14
4.029807954832727048e-14
4.029807954832727048e-14
4.037842298201539816e-14
7.097396174729767650e-13
7.097396174729767650e-13
1.309646623195694062e-13
4.077697230609893295e-14
4.077697230609893295e-14
4.035048741628259428e-14
4.023866762555172929e-14
4.023866762555172929e-14
4.031862173322029358e-14
4.021805492839623899e-14
4.021805492839623899e-14
4.029807954832727048e-14
4.019754541241562483e-14
4.019754541241562483e-14
7.097396174729767650e-13
1.451864067597284842e-11
1.451864067597284842e-11
4.077697230609893295e-14
4.016615265261537447e-14
4.016615265261537447e-14
4.023866762555172929e-14
4.013836241743935243e-14
4.013836241743935243e-14
4.021805492839623899e-14
4.011830165660510556e-14
4.011830165660510556e-14
4.019754541241562483e-14
4.009779118267477262e-14
4.009779118267477262e-14
1.451864067597284842e-11
1.231155988961267344e-12
1.231155988961267344e-12
4.016615265261537447e-14
4.009929946370073969e-14
4.009929946370073969e-14
4.013836241743935243e-14
4.003979630406527260e-14
4.003979630406527260e-14
4.011830165660510556e-14
4.001996257436126003e-14
4.001996257436126003e-14
4.009779118267477262e-14
3.999965401218052901e-14
3.999965401218052901e-14
1.231155988961267344e-12
2.944355446870482196e-13
2.944355446870482196e-13
4.009929946370073969e-14
3.997691470112130005e-14
3.997691470112130005e-14
4.003979630406527260e-14
3.994224898320971758e-14
3.994224898320971758e-14
4.001996257436126003e-14
3.992264926857701456e-14
3.992264926857701456e-14
3.999965401218052901e-14
3.990257992809536797e-14
3.990257992809536797e-14
2.944355446870482196e-13
1.776771154607444650e-12
1.776771154607444650e-12
3.997691470112130005e-14
3.987109962756212697e-14
3.987109962756212697e-14
3.994224898320971758e-14
3.984550959019588773e-14
3.984550959019588773e-14
3.992264926857701456e-14
3.982607641457391368e-14
3.982607641457391368e-14
3.990257992809536797e-14
3.980617776052482275e-14
3.980617776052482275e-14
1.776771154607444650e-12
6.465718564597920690e-14
6.465718564597920690e-14
3.987109962756212697e-14
3.983227755565035912e-14
3.983227755565035912e-14
3.984550959019588773e-14
3.974959033585790184e-14
3.974959033585790184e-14
3.982607641457391368e-14
3.973026859968409006e-14
3.973026859968409006e-14
3.980617776052482275e-14
3.971051193660601244e-14
3.971051193660601244e-14
6.465718564597920690e-14
4.107705332075776267e-13
4.107705332075776267e-13
3.983227755565035912e-14
3.968776471490407626e-14
3.968776471490407626e-14
3.974959033585790184e-14
3.965452480806851946e-14
3.965452480806851946e-14
3.973026859968409006e-14
3.963529483244682437e-14
3.963529483244682437e-14
3.971051193660601244e-14
4.226583897992642836e-14
4.226583897992642836e-14
4.107705332075776267e-13
6.137373388274532229e-14
6.137373388274532229e-14
3.968776471490407626e-14
3.957901114735834778e-14
3.957901114735834778e-14
3.965452480806851946e-14
3.956026486285048611e-14
3.956026486285048611e-14
3.963529483244682437e-14
3.954109074273865727e-14
4.226583897992642836e-14
2.012671900696819727e-11
2.012671900696819727e-11
6.137373388274532229e-14
4.053210702802357485e-14
4.053210702802357485e-14
3.957901114735834778e-14
3.948559218372069632e-14
3.948559218372069632e-14
3.956026486285048611e-14
3.946681332046216585e-14
3.946681332046216585e-14
3.954109074273865727e-14
3.944767571780106646e-14
3.944767571780106646e-14
2.012671900696819727e-11
1.344944762381854178e-12
1.344944762381854178e-12
4.053210702802357485e-14
3.953530701650345651e-14
3.953530701650345651e-14
3.948559218372069632e-14
3.939286198472067199e-14
3.939286198472067199e-14
3.946681332046216585e-14
3.937421298805968690e-14
3.937421298805968690e-14
3.944767571780106646e-14
3.935514062175069361e-14
3.935514062175069361e-14
1.344944762381854178e-12
2.089177929014760133e-13
3.953530701650345651e-14
3.931967681384998492e-14
3.931967681384998492e-14
3.939286198472067199e-14
3.930120633848175294e-14
3.930120633848175294e-14
3.937421298805968690e-14
3.928268333383678491e-14
3.928268333383678491e-14
3.935514062175069361e-14
3.926814131850831421e-14
3.926814131850831421e-14
2.089177929014760133e-13
1.327698008350878861e-13
1.327698008350878861e-13
3.931967681384998492e-14
3.923042654488121508e-14
3.923042654488121508e-14
3.930120633848175294e-14
3.921044965378341204e-14
3.921044965378341204e-14
3.928268333383678491e-14
3.919207558601970610e-14
3.919207558601970610e-14
3.926814131850831421e-14
3.948206734496921423e-14
1.327698008350878861e-13
9.062844123776113473e-14
9.062844123776113473e-14
3.923042654488121508e-14
3.913852541395402627e-14
3.913852541395402627e-14
3.921044965378341204e-14
3.912046539895049282e-14
3.912046539895049282e-14
3.919207558601970610e-14
3.910219886709975174e-14
3.910219886709975174e-14
3.948206734496921423e-14
7.792867344586601076e-12
7.792867344586601076e-12
9.062844123776113473e-14
4.207795938041711850e-14
4.207795938041711850e-14
3.913852541395402627e-14
3.904955092056427565e-14
3.904955092056427565e-14
3.912046539895049282e-14
3.903123671848299855e-14
3.903123671848299855e-14
3.910219886709975174e-14
3.901303950774734721e-14
3.901303950774734721e-14
7.792867344586601076e-12
3.538247849648330872e-12
3.538247849648330872e-12
4.207795938041711850e-14
3.954904949641187256e-14
3.904955092056427565e-14
3.896049382839074254e-14
3.896049382839074254e-14
3.903123671848299855e-14
3.894272572687697147e-14
3.901303950774734721e-14
3.892455682514262502e-14
3.538247849648330872e-12
5.897881204643346757e-14
3.954904949641187256e-14
3.890832287341050662e-14
3.890832287341050662e-14
3.896049382839074254e-14
3.887266888153512494e-14
3.887266888153512494e-14
3.894272572687697147e-14
3.885492154401490483e-14
3.885492154401490483e-14
3.892455682514262502e-14
3.902039655632596415e-14
5.897881204643346757e-14
8.939083840533609376e-14
8.939083840533609376e-14
3.890832287341050662e-14
3.880603435073687498e-14
3.887266888153512494e-14
3.878607999455547465e-14
3.885492154401490483e-14
3.876855785070379744e-14
3.902039655632596415e-14
3.875113967154370975e-14
3.875113967154370975e-14
8.939083840533609376e-14
2.402300398856349800e-13
2.402300398856349800e-13
3.880603435073687498e-14
3.872485328165774537e-14
3.872485328165774537e-14
3.878607999455547465e-14
3.870014418522084970e-14
3.876855785070379744e-14
3.868276093905776294e-14
3.868276093905776294e-14
3.875113967154370975e-14
3.868792052167819670e-14
3.868792052167819670e-14
2.402300398856349800e-13
7.652619163090804444e-14
3.872485328165774537e-14
3.863606968103169197e-14
3.863606968103169197e-14
3.870014418522084970e-14
3.861498062712575065e-14
3.868276093905776294e-14
3.861498062712575065e-14
3.859771864898296248e-14
3.859771864898296248e-14
3.868792052167819670e-14
6.694902448296303115e-14
6.694902448296303115e-14
7.652619163090804444e-14
5.828958269661227741e-14
3.863606968103169197e-14
3.854748847650070278e-14
3.854748847650070278e-14
3.861498062712575065e-14
3.853051920905816371e-14
3.853051920905816371e-14
3.859771864898296248e-14
3.851333262568282865e-14
3.851333262568282865e-14
6.694902448296303115e-14
9.984301165804639904e-11
9.984301165804639904e-11
5.828958269661227741e-14
5.065034471946351632e-14
5.065034471946351632e-14
3.854748847650070278e-14
3.846418465193912436e-14
3.853051920905816371e-14
3.844727076120357014e-14
3.844727076120357014e-14
3.851333262568282865e-14
3.843036522916539679e-14
3.843036522916539679e-14
9.984301165804639904e-11
3.841340405619839077e-14
5.065034471946351632e-14
1.664497340467494598e-13
3.846418465193912436e-14
3.838902931379360749e-14
3.844727076120357014e-14
3.843036522916539679e-14
3.836479893350558340e-14
3.841340405619839077e-14
3.834818828201408175e-14
1.664497340467494598e-13
3.833117851994734359e-14
3.833117851994734359e-14
3.838902931379360749e-14
5.365588803547394425e-12
5.365588803547394425e-12
3.838499071286310009e-14
3.836479893350558340e-14
3.828306910090666786e-14
3.828306910090666786e-14
3.834818828201408175e-14
3.826675724171247889e-14
3.833117851994734359e-14
3.825005196384324003e-14
3.825005196384324003e-14
5.365588803547394425e-12
3.838499071286310009e-14
1.466682490050705265e-10
1.466682490050705265e-10
3.828306910090666786e-14
3.897502478925670640e-14
3.897502478925670640e-14
3.826675724171247889e-14
3.820197584043294731e-14
3.820197584043294731e-14
3.825005196384324003e-14
3.818581780365948918e-14
3.816931095457300380e-14
3.816931095457300380e-14
1.466682490050705265e-10
1.173427265685831593e-10
3.897502478925670640e-14
4.369523910042168223e-14
4.369523910042168223e-14
3.820197584043294731e-14
3.812155619367246152e-14
3.818581780365948918e-14
3.816931095457300380e-14
3.810555825022313818e-14
3.810555825022313818e-14
1.173427265685831593e-10
3.808921385192177838e-14
3.808921385192177838e-14
4.369523910042168223e-14
4.600725649828357033e-12
3.812155619367246152e-14
3.884862753522949067e-14
3.884862753522949067e-14
3.804194132034921807e-14
3.804194132034921807e-14
3.802618230689781172e-14
3.802618230689781172e-14
3.808921385192177838e-14
3.801006452184261004e-14
3.801006452184261004e-14
4.600725649828357033e-12
3.818541906336249173e-14
3.818541906336249173e-14
3.884862753522949067e-14
3.804194132034921807e-14
4.513802556468082249e-14
3.802618230689781172e-14
3.796428375566086920e-14
3.796428375566086920e-14
3.801006452184261004e-14
3.794739259559840961e-14
3.794739259559840961e-14
3.818541906336249173e-14
3.793142370776400206e-14
3.793142370776400206e-14
4.513802556468082249e-14
3.908250776945110162e-14
3.908250776945110162e-14
6.642548936890469213e-14
6.642548936890469213e-14
3.788696898174838378e-14
3.788696898174838378e-14
3.794739259559840961e-14
3.793142370776400206e-14
3.786923088105708000e-14
3.908250776945110162e-14
3.785335434283420967e-14
3.785335434283420967e-14
6.642548936890469213e-14
3.161083893214904417e-11
3.161083893214904417e-11
3.788696898174838378e-14
4.946061062664458049e-14
4.946061062664458049e-14
3.786923088105708000e-14
3.780717078545106044e-14
3.785335434283420967e-14
3.779172978151792310e-14
3.161083893214904417e-11
3.777591629506493448e-14
3.777591629506493448e-14
4.946061062664458049e-14
3.001695733148657329e-11
3.780717078545106044e-14
3.915394122301672671e-14
3.915394122301672671e-14
3.779172978151792310e-14
3.773031915424941844e-14
3.777591629506493448e-14
3.771487448611188980e-14
3.771487448611188980e-14
3.001695733148657329e-11
3.769909837098381316e-14
3.769909837098381316e-14
3.915394122301672671e-14
1.412793303454918715e-12
3.773031915424941844e-14
3.775099516224798929e-14
3.771487448611188980e-14
3.765408213892500613e-14
3.765408213892500613e-14
3.763871018594990426e-14
3.769909837098381316e-14
3.763871018594990426e-14
1.412793303454918715e-12
3.763809922650359266e-14
3.763809922650359266e-14
3.775099516224798929e-14
4.130068794242700687e-14
3.765408213892500613e-14
3.759382873648275555e-14
3.763871018594990426e-14
3.757854289503619976e-14
3.757854289503619976e-14
3.756319864636861108e-14
3.756319864636861108e-14
3.763809922650359266e-14
2.007384194554622647e-12
4.130068794242700687e-14
3.835603634787460266e-14
3.759382873648275555e-14
3.751877437066090655e-14
3.751877437066090655e-14
3.757854289503619976e-14
3.756319864636861108e-14
3.750364096546037407e-14
3.750364096546037407e-14
2.007384194554622647e-12
3.748830717669892484e-14
3.835603634787460266e-14
3.786693030451930073e-12
3.751877437066090655e-14
3.760166500159900410e-14
3.744436739459384032e-14
3.750364096546037407e-14
3.742939794545363124e-14
3.748830717669892484e-14
3.742939794545363124e-14
3.741819428445896047e-14
3.786693030451930073e-12
3.741819428445896047e-14
3.760166500159900410e-14
2.139557635419641439e-13
2.139557635419641439e-13
3.744436739459384032e-14
3.738900541388159929e-14
3.738900541388159929e-14
3.742939794545363124e-14
3.737079594048758673e-14
3.737079594048758673e-14
3.741819428445896047e-14
3.735586209300750692e-14
3.735586209300750692e-14
4.020313696242607896e-11
2.139557635419641439e-13
4.032182706125934508e-14
4.032182706125934508e-14
3.738900541388159929e-14
3.731255826620387129e-14
3.731255826620387129e-14
3.737079594048758673e-14
3.729807264607967779e-14
3.735586209300750692e-14
4.020313696242607896e-11
3.728325574239811574e-14
3.728325574239811574e-14
4.032182706125934508e-14
3.237040551195821398e-10
4.547178691109072586e-14
4.547178691109072586e-14
3.731255826620387129e-14
3.724062683017073792e-14
3.729807264607967779e-14
3.722606071375538847e-14
3.722606071375538847e-14
3.728325574239811574e-14
3.721137525417158805e-14
3.721137525417158805e-14
3.237040551195821398e-10
3.744454547869507961e-10
4.547178691109072586e-14
3.950325602767642402e-14
3.724062683017073792e-14
3.716906111096010165e-14
3.716906111096010165e-14
3.722606071375538847e-14
3.715482875474583901e-14
3.715482875474583901e-14
3.721137525417158805e-14
3.714032397068065135e-14
3.714032397068065135e-14
3.744454547869507961e-10
1.142278719518358421e-12
3.950325602767642402e-14
3.927797063716424405e-14
3.927797063716424405e-14
3.716906111096010165e-14
3.709897118482806856e-14
3.709897118482806856e-14
3.715482875474583901e-14
3.708417071646393881e-14
3.708417071646393881e-14
3.714032397068065135e-14
3.706980255263596858e-14
3.706980255263596858e-14
1.142278719518358421e-12
4.269913765408351766e-12
3.927797063716424405e-14
4.193730885366252270e-14
4.193730885366252270e-14
3.709897118482806856e-14
3.702802873200698928e-14
3.702802873200698928e-14
3.708417071646393881e-14
3.701406572115049205e-14
3.701406572115049205e-14
3.706980255263596858e-14
3.699978175547921009e-14
3.699978175547921009e-14
4.269913765408351766e-12
5.033363802329066807e-12
5.033363802329066807e-12
4.193730885366252270e-14
4.067342099514884107e-14
3.702802873200698928e-14
3.695845896563868390e-14
3.695845896563868390e-14
3.701406572115049205e-14
3.694452724000912922e-14
3.699978175547921009e-14
3.693029125959381373e-14
3.693029125959381373e-14
5.033363802329066807e-12
1.243552565404121828e-11
1.243552565404121828e-11
4.067342099514884107e-14
3.713294587919429059e-14
3.713294587919429059e-14
3.695845896563868390e-14
3.688951877715023304e-14
3.688951877715023304e-14
3.694452724000912922e-14
3.687568056742566563e-14
3.687568056742566563e-14
3.693029125959381373e-14
3.686151825508753733e-14
1.243552565404121828e-11
2.037383593455991266e-13
3.713294587919429059e-14
3.686940245316703384e-14
3.686940245316703384e-14
3.688951877715023304e-14
3.682119421985934048e-14
3.687568056742566563e-14
3.680741490821534713e-14
3.680741490821534713e-14
3.686151825508753733e-14
3.679786059009416499e-14
3.679786059009416499e-14
2.037383593455991266e-13
2.131115845607971081e-13
2.131115845607971081e-13
3.686940245316703384e-14
3.677195758980831321e-14
3.682119421985934048e-14
3.675343752277164776e-14
3.680741490821534713e-14
3.673967830491815742e-14
3.673967830491815742e-14
3.679786059009416499e-14
3.776856276416270366e-11
3.776856276416270366e-11
2.131115845607971081e-13
3.834599439685717551e-14
3.834599439685717551e-14
3.677195758980831321e-14
3.669978238060241413e-14
3.675343752277164776e-14
3.668622832750213984e-14
3.668622832750213984e-14
3.673967830491815742e-14
3.667246604824484051e-14
3.667246604824484051e-14
3.776856276416270366e-11
4.417803148709814953e-13
4.417803148709814953e-13
3.834599439685717551e-14
3.699292235568995390e-14
3.699292235568995390e-14
3.669978238060241413e-14
3.663336212767042092e-14
3.668622832750213984e-14
3.662012828156303799e-14
3.662012828156303799e-14
3.667246604824484051e-14
3.660657603073239192e-14
3.660657603073239192e-14
4.417803148709814953e-13
2.141697365392965545e-10
2.141697365392965545e-10
3.699292235568995390e-14
4.263807732426714517e-14
3.663336212767042092e-14
3.656777245706246120e-14
3.656777245706246120e-14
3.662012828156303799e-14
3.655484512407621278e-14
3.655484512407621278e-14
3.660657603073239192e-14
3.654160482207128952e-14
3.654160482207128952e-14
2.141697365392965545e-10
3.652804681574012408e-14
3.652804681574012408e-14
4.263807732426714517e-14
5.948087953077029464e-13
5.948087953077029464e-13
3.656777245706246120e-14
3.654705288256124834e-14
3.654705288256124834e-14
3.655484512407621278e-14
3.648991603576092048e-14
3.648991603576092048e-14
3.654160482207128952e-14
3.647688560530282889e-14
3.647688560530282889e-14
3.652804681574012408e-14
3.646354051041489506e-14
3.646354051041489506e-14
5.948087953077029464e-13
9.853338737739162407e-12
9.853338737739162407e-12
3.654705288256124834e-14
3.685925430931816894e-14
3.685925430931816894e-14
3.648991603576092048e-14
3.642547649283792498e-14
3.642547649283792498e-14
3.647688560530282889e-14
3.641257200363106718e-14
3.641257200363106718e-14
3.646354051041489506e-14
3.639936504702051078e-14
3.639936504702051078e-14
9.853338737739162407e-12
2.111262111441057799e-12
2.111262111441057799e-12
3.685925430931816894e-14
3.685741055747803002e-14
3.685741055747803002e-14
3.642547649283792498e-14
3.636154862727335870e-14
3.641257200363106718e-14
3.634872621301816760e-14
3.634872621301816760e-14
3.639936504702051078e-14
3.633560264754753964e-14
3.633560264754753964e-14
2.111262111441057799e-12
2.266413802533117039e-12
3.685741055747803002e-14
3.632363582910055999e-14
3.636154862727335870e-14
3.629819107728239751e-14
3.629819107728239751e-14
3.634872621301816760e-14
3.628544219864680949e-14
3.633560264754753964e-14
3.627239109742985480e-14
3.627239109742985480e-14
2.266413802533117039e-12
1.213354693624121486e-12
1.213354693624121486e-12
3.632363582910055999e-14
3.628657364856480249e-14
3.628657364856480249e-14
3.629819107728239751e-14
3.623551670793194095e-14
3.623551670793194095e-14
3.628544219864680949e-14
3.622289990245686724e-14
3.622289990245686724e-14
3.627239109742985480e-14
3.620998053427883820e-14
1.213354693624121486e-12
3.653450406020088501e-14
3.653450406020088501e-14
3.628657364856480249e-14
3.620792821212891803e-14
3.620792821212891803e-14
3.623551670793194095e-14
3.617338165935545548e-14
3.622289990245686724e-14
3.616086471428936924e-14
3.616086471428936924e-14
3.620998053427883820e-14
3.614804965635651359e-14
3.614804965635651359e-14
3.653450406020088501e-14
7.596805871312188976e-13
7.596805871312188976e-13
3.620792821212891803e-14
3.613066531786529812e-14
3.613066531786529812e-14
3.617338165935545548e-14
3.611178289366710780e-14
3.616086471428936924e-14
3.609934117432954867e-14
3.609934117432954867e-14
3.614804965635651359e-14
3.609390286511645887e-14
3.609390286511645887e-14
7.596805871312188976e-13
4.203214709221091382e-14
4.203214709221091382e-14
3.613066531786529812e-14
3.606524784594387923e-14
3.606524784594387923e-14
3.611178289366710780e-14
3.605068545511138608e-14
3.605068545511138608e-14
3.609934117432954867e-14
3.603828481190194508e-14
3.603828481190194508e-14
3.609390286511645887e-14
1.024848555960843623e-11
4.203214709221091382e-14
5.294453952251576849e-14
5.294453952251576849e-14
3.606524784594387923e-14
3.600244038078092542e-14
3.600244038078092542e-14
3.605068545511138608e-14
3.599020750582274365e-14
3.599020750582274365e-14
3.603828481190194508e-14
3.597787984317628692e-14
1.024848555960843623e-11
4.360945762515775693e-11
4.360945762515775693e-11
5.294453952251576849e-14
3.844933576337573391e-14
3.844933576337573391e-14
3.600244038078092542e-14
3.594230739129389494e-14
3.594230739129389494e-14
3.599020750582274365e-14
3.593021376964702168e-14
3.593021376964702168e-14
3.597787984317628692e-14
3.591792634187469731e-14
3.591792634187469731e-14
4.360945762515775693e-11
1.082024963724923852e-11
1.082024963724923852e-11
3.844933576337573391e-14
3.590802223551003532e-14
3.590802223551003532e-14
3.594230739129389494e-14
3.588280066043830838e-14
3.593021376964702168e-14
3.587087763891667551e-14
3.591792634187469731e-14
3.585867789071158520e-14
1.082024963724923852e-11
1.748087650646879203e-12
3.590802223551003532e-14
3.585818851736475263e-14
3.585818851736475263e-14
3.588280066043830838e-14
3.582385957169331515e-14
3.587087763891667551e-14
3.581199246624895093e-14
3.581199246624895093e-14
3.585867789071158520e-14
3.579988875951366789e-14
3.579988875951366789e-14
1.748087650646879203e-12
3.824036031776044018e-13
3.824036031776044018e-13
3.585818851736475263e-14
3.578147958624246013e-14
3.582385957169331515e-14
3.576542873100089694e-14
3.576542873100089694e-14
3.581199246624895093e-14
3.575359051861162645e-14
3.575359051861162645e-14
3.579988875951366789e-14
1.217728299667892366e-12
1.217728299667892366e-12
3.824036031776044018e-13
4.257504817458621661e-14
4.257504817458621661e-14
3.578147958624246013e-14
3.571962646319815494e-14
3.571962646319815494e-14
3.576542873100089694e-14
3.570748360730878239e-14
3.570748360730878239e-14
3.575359051861162645e-14
3.569565657237789787e-14
1.217728299667892366e-12
2.732201539138930742e-13
2.732201539138930742e-13
4.257504817458621661e-14
3.666186412207937163e-14
3.571962646319815494e-14
3.566168985544226924e-14
3.566168985544226924e-14
3.570748360730878239e-14
3.565019540033432023e-14
3.565019540033432023e-14
3.569565657237789787e-14
3.563844279829791232e-14
3.563844279829791232e-14
2.732201539138930742e-13
2.605130787941111306e-12
3.666186412207937163e-14
3.579044892601412981e-14
3.579044892601412981e-14
3.566168985544226924e-14
3.560482163540055349e-14
3.560482163540055349e-14
3.565019540033432023e-14
3.559340284311718937e-14
3.559340284311718937e-14
3.563844279829791232e-14
3.558171114614757044e-14
2.605130787941111306e-12
1.614499654790925536e-12
3.579044892601412981e-14
3.558270766202518259e-14
3.558270766202518259e-14
3.560482163540055349e-14
3.554847458263586585e-14
3.554847458263586585e-14
3.559340284311718937e-14
3.553710542945181558e-14
3.553710542945181558e-14
3.558171114614757044e-14
3.552554261489669998e-14
3.552554261489669998e-14
1.614499654790925536e-12
1.852558692083902582e-13
1.852558692083902582e-13
3.558270766202518259e-14
3.550959328550452844e-14
3.554847458263586585e-14
3.549275885331788814e-14
3.549275885331788814e-14
3.553710542945181558e-14
3.548150482784784182e-14
3.552554261489669998e-14
3.547000318513854717e-14
3.547000318513854717e-14
1.852558692083902582e-13
7.468227876277594805e-14
7.468227876277594805e-14
3.550959328550452844e-14
3.546228082749360815e-14
3.546228082749360815e-14
3.549275885331788814e-14
3.543754175245054990e-14
3.543754175245054990e-14
3.548150482784784182e-14
3.542638976044875478e-14
3.547000318513854717e-14
3.541510305556977311e-14
3.541510305556977311e-14
7.468227876277594805e-14
3.574294982548278710e-13
3.574294982548278710e-13
3.546228082749360815e-14
3.540418333452351967e-14
3.540418333452351967e-14
3.543754175245054990e-14
3.538277516005343618e-14
3.538277516005343618e-14
3.542638976044875478e-14
3.537169098194622725e-14
3.537169098194622725e-14
3.541510305556977311e-14
3.615728510648026551e-14
3.574294982548278710e-13
5.707708684842745361e-14
3.540418333452351967e-14
3.534001583288978314e-14
3.534001583288978314e-14
3.538277516005343618e-14
3.532845349097232960e-14
3.537169098194622725e-14
3.531740642568858128e-14
3.531740642568858128e-14
3.615728510648026551e-14
3.196425397324586285e-11
5.707708684842745361e-14
3.921920407572453839e-14
3.534001583288978314e-14
3.528547844916561738e-14
3.532845349097232960e-14
3.527461895301587269e-14
3.531740642568858128e-14
3.526360846179803153e-14
3.196425397324586285e-11
1.540628093354915659e-11
1.540628093354915659e-11
3.921920407572453839e-14
3.582465596927482716e-14
3.582465596927482716e-14
3.528547844916561738e-14
3.523201686545390495e-14
3.527461895301587269e-14
3.522130090439022202e-14
3.522130090439022202e-14
3.526360846179803153e-14
3.521034038952032136e-14
3.521034038952032136e-14
1.540628093354915659e-11
7.894050213678024942e-13
3.582465596927482716e-14
3.525303635158436608e-14
3.525303635158436608e-14
3.523201686545390495e-14
3.517911465987750545e-14
3.522130090439022202e-14
3.516845331432057142e-14
3.516845331432057142e-14
3.521034038952032136e-14
3.515773237260995718e-14
3.515773237260995718e-14
7.894050213678024942e-13
3.187423169063338555e-13
3.187423169063338555e-13
3.525303635158436608e-14
3.513708081030473624e-14
3.513708081030473624e-14
3.517911465987750545e-14
3.512669100790261949e-14
3.512669100790261949e-14
3.516845331432057142e-14
3.511606661779289114e-14
3.511606661779289114e-14
3.515773237260995718e-14
3.853456461086175464e-13
3.853456461086175464e-13
3.187423169063338555e-13
3.521432339233489106e-14
3.521432339233489106e-14
3.513708081030473624e-14
3.508598669870681579e-14
3.508598669870681579e-14
3.512669100790261949e-14
3.507472788857870130e-14
3.511606661779289114e-14
3.506413365641151731e-14
3.853456461086175464e-13
6.477651146611670531e-11
6.477651146611670531e-11
3.521432339233489106e-14
3.569566509305194958e-14
3.508598669870681579e-14
3.503354295635030304e-14
3.503354295635030304e-14
3.507472788857870130e-14
3.502321682984787779e-14
3.502321682984787779e-14
3.506413365641151731e-14
3.501264749771939083e-14
3.501264749771939083e-14
6.477651146611670531e-11
3.464425907815769163e-12
3.464425907815769163e-12
3.569566509305194958e-14
3.505196149320189633e-14
3.503354295635030304e-14
3.498244794027185160e-14
3.498244794027185160e-14
3.502321682984787779e-14
3.497213688708830819e-14
3.497213688708830819e-14
3.501264749771939083e-14
3.500221346918543151e-14
3.464425907815769163e-12
9.034247639267459242e-14
9.034247639267459242e-14
3.505196149320189633e-14
3.494197003759240842e-14
3.494197003759240842e-14
3.498244794027185160e-14
3.493176715350475887e-14
3.497213688708830819e-14
3.492145659559378969e-14
3.492145659559378969e-14
3.500221346918543151e-14
1.527567379948504534e-10
1.527567379948504534e-10
9.034247639267459242e-14
3.795895992277713851e-14
3.494197003759240842e-14
3.489180396767200715e-14
3.489180396767200715e-14
3.493176715350475887e-14
3.488172766362085907e-14
3.488172766362085907e-14
3.492145659559378969e-14
3.487150462777541490e-14
3.487150462777541490e-14
1.527567379948504534e-10
1.041818892778741053e-10
3.795895992277713851e-14
3.795303119017334462e-14
3.795303119017334462e-14
3.489180396767200715e-14
3.484211662498977918e-14
3.488172766362085907e-14
3.483211404260313959e-14
3.483211404260313959e-14
3.487150462777541490e-14
3.482196112183837144e-14
3.482196112183837144e-14
1.041818892778741053e-10
1.493051131828541380e-11
1.493051131828541380e-11
3.795303119017334462e-14
3.562880281708785974e-14
3.484211662498977918e-14
3.479277040223976136e-14
3.479277040223976136e-14
3.483211404260313959e-14
3.478290112268941560e-14
3.478290112268941560e-14
3.482196112183837144e-14
3.477279410420807280e-14
1.493051131828541380e-11
3.791119357220670032e-13
3.562880281708785974e-14
3.482616106033108974e-14
3.482616106033108974e-14
3.479277040223976136e-14
3.474394898285813561e-14
3.474394898285813561e-14
3.478290112268941560e-14
3.473411747946193782e-14
3.477279410420807280e-14
3.472410055185621915e-14
3.472410055185621915e-14
3.791119357220670032e-13
4.031932577622966234e-13
3.482616106033108974e-14
3.470634071367687644e-14
3.470634071367687644e-14
3.474394898285813561e-14
3.469553325147502570e-14
3.469553325147502570e-14
3.473411747946193782e-14
3.468571950796894586e-14
3.468571950796894586e-14
3.472410055185621915e-14
4.867892167499236686e-13
4.867892167499236686e-13
4.031932577622966234e-13
5.777289844649804762e-14
3.470634071367687644e-14
3.465763244875718695e-14
3.465763244875718695e-14
3.469553325147502570e-14
3.464762120125349536e-14
3.464762120125349536e-14
3.468571950796894586e-14
3.463786220767206787e-14
3.463786220767206787e-14
4.867892167499236686e-13
3.676402791975410015e-11
3.676402791975410015e-11
5.777289844649804762e-14
3.691410078458407772e-14
3.691410078458407772e-14
3.465763244875718695e-14
3.460961789824143311e-14
3.460961789824143311e-14
3.464762120125349536e-14
3.460013645697010798e-14
3.460013645697010798e-14
3.463786220767206787e-14
3.459042709547368299e-14
3.676402791975410015e-11
1.177490388102370497e-11
1.177490388102370497e-11
3.691410078458407772e-14
3.556006276827859361e-14
3.460961789824143311e-14
3.456251555769602267e-14
3.456251555769602267e-14
3.460013645697010798e-14
3.455305737948645502e-14
3.455305737948645502e-14
3.459042709547368299e-14
3.454338629787062115e-14
3.454338629787062115e-14
1.177490388102370497e-11
2.497830204875114738e-12
2.497830204875114738e-12
3.556006276827859361e-14
3.453279379313115549e-14
3.453279379313115549e-14
3.456251555769602267e-14
3.451579198075466020e-14
3.451579198075466020e-14
3.455305737948645502e-14
3.450637398771167932e-14
3.454338629787062115e-14
3.449827613729740284e-14
3.449827613729740284e-14
2.497830204875114738e-12
5.110584744012434264e-14
3.453279379313115549e-14
3.448288832023253650e-14
3.448288832023253650e-14
3.451579198075466020e-14
3.446947795027406107e-14
3.446947795027406107e-14
3.450637398771167932e-14
3.446007411341691623e-14
3.449827613729740284e-14
3.239268860077410779e-10
3.239268860077410779e-10
5.110584744012434264e-14
3.892431144528221238e-14
3.892431144528221238e-14
3.448288832023253650e-14
3.443274804701832076e-14
3.443274804701832076e-14
3.446947795027406107e-14
3.442354312924835862e-14
3.442354312924835862e-14
3.446007411341691623e-14
3.441414163748724534e-14
3.441414163748724534e-14
3.239268860077410779e-10
1.211927471366080886e-12
3.892431144528221238e-14
3.439626569512055835e-14
3.439626569512055835e-14
3.443274804701832076e-14
3.438716571004201769e-14
3.438716571004201769e-14
3.442354312924835862e-14
3.437796916264917216e-14
3.441414163748724534e-14
3.453831807713912677e-14
1.211927471366080886e-12
7.371317556214467777e-14
7.371317556214467777e-14
3.439626569512055835e-14
3.435336635489021325e-14
3.438716571004201769e-14
3.434199276328789932e-14
3.434199276328789932e-14
3.437796916264917216e-14
3.433279554259626321e-14
3.433279554259626321e-14
3.453831807713912677e-14
6.357407976221985954e-11
6.357407976221985954e-11
7.371317556214467777e-14
3.616530854204684262e-14
3.435336635489021325e-14
3.430626692020486815e-14
3.434199276328789932e-14
3.429723451778801090e-14
3.429723451778801090e-14
3.433279554259626321e-14
3.428804365133756914e-14
3.428804365133756914e-14
6.357407976221985954e-11
1.926181832857423395e-12
1.926181832857423395e-12
3.616530854204684262e-14
3.427212900548369125e-14
3.427212900548369125e-14
3.430626692020486815e-14
3.426187125900315562e-14
3.426187125900315562e-14
3.429723451778801090e-14
3.425292384740897191e-14
3.425292384740897191e-14
3.428804365133756914e-14
3.424382069981291162e-14
1.926181832857423395e-12
1.041028330029429629e-13
1.041028330029429629e-13
3.427212900548369125e-14
3.423756273360792441e-14
3.426187125900315562e-14
3.421807277118143259e-14
3.421807277118143259e-14
3.425292384740897191e-14
3.420923148814857309e-14
3.420923148814857309e-14
3.424382069981291162e-14
3.420017786105028142e-14
3.420017786105028142e-14
1.041028330029429629e-13
9.142115703109236382e-13
9.142115703109236382e-13
3.423756273360792441e-14
3.420095173348841807e-14
3.421807277118143259e-14
3.417464833057758697e-14
3.417464833057758697e-14
3.420923148814857309e-14
3.416589419307510320e-14
3.416589419307510320e-14
3.420017786105028142e-14
3.415692951774275374e-14
3.415692951774275374e-14
9.142115703109236382e-13
9.582197700698141234e-13
9.582197700698141234e-13
3.420095173348841807e-14
3.416099279493054084e-14
3.417464833057758697e-14
3.413163809783718374e-14
3.416589419307510320e-14
3.412297765712837688e-14
3.412297765712837688e-14
3.415692951774275374e-14
3.411410950662281011e-14
3.411410950662281011e-14
9.582197700698141234e-13
2.233534389959016296e-12
2.233534389959016296e-12
3.416099279493054084e-14
3.418829516292600647e-14
3.413163809783718374e-14
3.408906265186300518e-14
3.408906265186300518e-14
3.412297765712837688e-14
3.408052320889094091e-14
3.408052320889094091e-14
3.411410950662281011e-14
3.407177683090945310e-14
2.233534389959016296e-12
1.433320251641956685e-11
3.418829516292600647e-14
3.425498166277367442e-14
3.408906265186300518e-14
3.404681938930201334e-14
3.408052320889094091e-14
3.403835911333356184e-14
3.403835911333356184e-14
3.407177683090945310e-14
3.402969463178878404e-14
1.433320251641956685e-11
5.983622344971206001e-12
5.983622344971206001e-12
3.425498166277367442e-14
3.401747943519204663e-14
3.404681938930201334e-14
3.400492304653610132e-14
3.403835911333356184e-14
3.399651188835127632e-14
3.399651188835127632e-14
3.402969463178878404e-14
3.398789975195355722e-14
5.983622344971206001e-12
1.279481665476375040e-12
3.401747943519204663e-14
3.403260354721125148e-14
3.403260354721125148e-14
3.400492304653610132e-14
3.403241803956667681e-14
3.403241803956667681e-14
3.399651188835127632e-14
3.403223309995646735e-14
3.398789975195355722e-14
3.403204872322849048e-14
3.403204872322849048e-14
1.279481665476375040e-12
3.403186491124059567e-14
3.403186491124059567e-14
3.403260354721125148e-14
3.403168165534416003e-14
3.403241803956667681e-14
3.403149896265424823e-14
3.403149896265424823e-14
3.403223309995646735e-14
3.403131682338359555e-14
3.403131682338359555e-14
3.403204872322849048e-14
3.403113524096642274e-14
3.403186491124059567e-14
3.403095421223349690e-14
3.403095421223349690e-14
3.403168165534416003e-14
3.403077373508315373e-14
3.403149896265424823e-14
3.403059380792965029e-14
3.403059380792965029e-14
3.403131682338359555e-14
3.403041442876385250e-14
3.403041442876385250e-14
3.403113524096642274e-14
3.403023559472768577e-14
3.403095421223349690e-14
3.403005730987265764e-14
3.403005730987265764e-14
3.403077373508315373e-14
3.402987956507256886e-14
3.402987956507256886e-14
3.403059380792965029e-14
3.402970236451998792e-14
3.402970236451998792e-14
3.403041442876385250e-14
3.402952570349604356e-14
3.402952570349604356e-14
3.403023559472768577e-14
3.402934958045905545e-14
3.402934958045905545e-14
3.403005730987265764e-14
3.402917399537187139e-14
3.402917399537187139e-14
3.402987956507256886e-14
3.402899894504122030e-14
3.402899894504122030e-14
3.402970236451998792e-14
3.402882443022695194e-14
3.402952570349604356e-14
3.402865044487930466e-14
3.402865044487930466e-14
3.402934958045905545e-14
3.402847698906843657e-14
3.402847698906843657e-14
3.402917399537187139e-14
3.402830406549032086e-14
3.402899894504122030e-14
3.402813166580872354e-14
3.402813166580872354e-14
3.402882443022695194e-14
3.402795979380001011e-14
3.402795979380001011e-14
3.402865044487930466e-14
3.402778844556394499e-14
3.402778844556394499e-14
3.402847698906843657e-14
3.402761761731831247e-14
3.402761761731831247e-14
3.402830406549032086e-14
3.402744731141276947e-14
3.402813166580872354e-14
3.402727752376348405e-14
3.402795979380001011e-14
3.402710825471483503e-14
3.402778844556394499e-14
3.402693950475659773e-14
3.402693950475659773e-14
3.402761761731831247e-14
3.402677126417559725e-14
3.402744731141276947e-14
3.402660353931915359e-14
3.402660353931915359e-14
3.402727752376348405e-14
3.402643632364117905e-14
3.402710825471483503e-14
3.402626961722199228e-14
3.402626961722199228e-14
3.402693950475659773e-14
3.402610342045374552e-14
3.402610342045374552e-14
3.402677126417559725e-14
3.402593772905866064e-14
3.402660353931915359e-14
3.402577254642633411e-14
3.402577254642633411e-14
3.402643632364117905e-14
3.402560786406134615e-14
3.402560786406134615e-14
3.402626961722199228e-14
3.402544368367124612e-14
3.402610342045374552e-14
3.402528000360472098e-14
3.402528000360472098e-14
3.402593772905866064e-14
3.402511682419787594e-14
3.402577254642633411e-14
3.402495414041787941e-14
3.402560786406134615e-14
3.402479195179056918e-14
3.402479195179056918e-14
3.402544368367124612e-14
3.402463026028980777e-14
3.402463026028980777e-14
3.402528000360472098e-14
3.402446905845764108e-14
3.402446905845764108e-14
3.402511682419787594e-14
3.402430834970028214e-14
3.402495414041787941e-14
3.402414813055656270e-14
3.402414813055656270e-14
3.402479195179056918e-14
3.402398840184205765e-14
3.402463026028980777e-14
3.402382915792541086e-14
3.402382915792541086e-14
3.402446905845764108e-14
