2.967084242541173644e-01
8.000476190871479432e-01
7.914771451391906520e-01
5.211687335365740026e-01
7.657089846734617122e-01
2.949035265565103092e-01
4.131998967663694788e-01
7.091558430270499258e-01
5.673869868430294616e-01
8.843802932221271895e-01
1.443581227645278631e-01
6.110791723200850178e-01
1.458690037506382708e-01
8.458402049886146745e-01
3.366321188586216540e-01
4.813006107839523651e-03
5.322264882505427508e-01
3.496568652295886093e-01
3.535864826281058804e-01
9.524387567934782250e-01
2.967084242541173644e-01
8.000476190871479432e-01
7.914771451391906520e-01
5.211687335365740026e-01
7.657089846734617122e-01
2.949035265565103092e-01
4.131998967663694788e-01
7.091558430270499258e-01
5.673869868430294616e-01
8.843802932221271895e-01
1.443581227645278631e-01
6.110791723200850178e-01
1.458690037506382708e-01
8.458402049886146745e-01
3.366321188586216540e-01
4.813006107839523651e-03
5.322264882505427508e-01
3.496568652295886093e-01
3.535864826281058804e-01
9.524387567934782250e-01
