1.167506736190973428e-12
5.423124640403614047e-13
5.423124640403614047e-13
2.760233407466172383e-13
2.760233407466172383e-13
5.423124640403614047e-13
2.338639526355492800e-13
2.338639526355492800e-13
2.760233407466172383e-13
2.004841055765051352e-13
2.004841055765051352e-13
2.338639526355492800e-13
1.759757119001101791e-13
1.759757119001101791e-13
2.004841055765051352e-13
1.587907608924888669e-13
1.587907608924888669e-13
1.759757119001101791e-13
1.470674559123934770e-13
1.470674559123934770e-13
1.587907608924888669e-13
1.391893947303399279e-13
1.391893947303399279e-13
1.470674559123934770e-13
1.339271028186631565e-13
1.339271028186631565e-13
1.391893947303399279e-13
1.304058129735001170e-13
1.304058129735001170e-13
1.339271028186631565e-13
1.280249439856058378e-13
1.280249439856058378e-13
1.304058129735001170e-13
1.263804609454131218e-13
1.263804609454131218e-13
1.280249439856058378e-13
1.252043504770980758e-13
1.252043504770980758e-13
1.263804609454131218e-13
1.243210765818412385e-13
1.243210765818412385e-13
1.252043504770980758e-13
1.236172018982737672e-13
1.236172018982737672e-13
1.243210765818412385e-13
1.230204500689499238e-13
1.230204500689499238e-13
1.236172018982737672e-13
1.224854193641383344e-13
1.224854193641383344e-13
1.230204500689499238e-13
1.219839691335787761e-13
1.219839691335787761e-13
1.224854193641383344e-13
1.214988652172677508e-13
1.214988652172677508e-13
1.219839691335787761e-13
5.385078427520910678e-12
5.385078427520910678e-12
1.214988652172677508e-13
1.210689008838510463e-13
1.210689008838510463e-13
5.385078427520910678e-12
1.202545909842818066e-13
1.202545909842818066e-13
1.210689008838510463e-13
1.198362282781730244e-13
1.198362282781730244e-13
1.202545909842818066e-13
1.194083830248795245e-13
1.194083830248795245e-13
1.198362282781730244e-13
1.309323786272689885e-13
1.309323786272689885e-13
1.194083830248795245e-13
1.221084318636158210e-13
1.221084318636158210e-13
1.309323786272689885e-13
1.182048948554770972e-13
1.182048948554770972e-13
1.221084318636158210e-13
1.178041992002567412e-13
1.178041992002567412e-13
1.182048948554770972e-13
1.173917739453583832e-13
1.173917739453583832e-13
1.178041992002567412e-13
1.169455800842120094e-13
1.169455800842120094e-13
1.173917739453583832e-13
1.921274096013137471e-13
1.921274096013137471e-13
1.169455800842120094e-13
1.161799159063038027e-13
1.161799159063038027e-13
1.921274096013137471e-13
1.158212368099530363e-13
1.158212368099530363e-13
1.161799159063038027e-13
1.154188916843931596e-13
1.154188916843931596e-13
1.158212368099530363e-13
1.150768313086633964e-13
1.150768313086633964e-13
1.154188916843931596e-13
1.818033110331804072e-13
1.818033110331804072e-13
1.150768313086633964e-13
1.143010705847591372e-13
1.143010705847591372e-13
1.818033110331804072e-13
1.138878523223664972e-13
1.138878523223664972e-13
1.143010705847591372e-13
1.134959817597793209e-13
1.134959817597793209e-13
1.138878523223664972e-13
1.130752364978427166e-13
1.130752364978427166e-13
1.134959817597793209e-13
1.359498632772723368e-13
1.359498632772723368e-13
1.130752364978427166e-13
1.123511600509007782e-13
1.123511600509007782e-13
1.359498632772723368e-13
1.120007652664445963e-13
1.120007652664445963e-13
1.123511600509007782e-13
1.116171320941548852e-13
1.116171320941548852e-13
1.120007652664445963e-13
7.331891778061130075e-11
7.331891778061130075e-11
1.116171320941548852e-13
1.108565914151875623e-13
1.108565914151875623e-13
7.331891778061130075e-11
1.105197258151395259e-13
1.108565914151875623e-13
1.105197258151395259e-13
1.101604842652376377e-13
1.105197258151395259e-13
1.101604842652376377e-13
1.097838974673141186e-13
1.101604842652376377e-13
1.097838974673141186e-13
2.512463292161124845e-13
1.097838974673141186e-13
2.512463292161124845e-13
1.099927506784688749e-13
2.512463292161124845e-13
1.099927506784688749e-13
1.087319717688194453e-13
1.099927506784688749e-13
1.087319717688194453e-13
1.083702590004179264e-13
1.087319717688194453e-13
1.083702590004179264e-13
1.080010104935209260e-13
1.083702590004179264e-13
1.080010104935209260e-13
7.087994684651730639e-13
1.080010104935209260e-13
7.087994684651730639e-13
1.074800479626904046e-13
7.087994684651730639e-13
1.074800479626904046e-13
1.069789014365011410e-13
1.074800479626904046e-13
1.069789014365011410e-13
1.066260941933459002e-13
1.069789014365011410e-13
1.066260941933459002e-13
1.064233496535268935e-13
1.066260941933459002e-13
1.064233496535268935e-13
1.797264661939025660e-13
1.064233496535268935e-13
1.797264661939025660e-13
1.056246003480115551e-13
1.797264661939025660e-13
1.056246003480115551e-13
1.052739131623671995e-13
1.056246003480115551e-13
1.052739131623671995e-13
1.049265732335989357e-13
1.052739131623671995e-13
1.049265732335989357e-13
1.007918898357533250e-10
1.049265732335989357e-13
1.007918898357533250e-10
1.080020728886829853e-13
1.007918898357533250e-10
1.080020728886829853e-13
1.039473332242880446e-13
1.080020728886829853e-13
1.039473332242880446e-13
1.036202058861429154e-13
1.039473332242880446e-13
1.036202058861429154e-13
1.032810646979359268e-13
1.036202058861429154e-13
1.032810646979359268e-13
2.674353164109389921e-11
1.032810646979359268e-13
2.674353164109389921e-11
1.028973167027180005e-13
2.674353164109389921e-11
1.028973167027180005e-13
1.023302200677175518e-13
1.028973167027180005e-13
1.020079465915698248e-13
1.023302200677175518e-13
1.023302200677175518e-13
1.016759123395311290e-13
1.020079465915698248e-13
1.020079465915698248e-13
2.514837964923991040e-13
1.016759123395311290e-13
1.016759123395311290e-13
1.011756783795432712e-13
2.514837964923991040e-13
2.514837964923991040e-13
1.007570886433501581e-13
1.011756783795432712e-13
1.011756783795432712e-13
1.004402126253140971e-13
1.007570886433501581e-13
1.007570886433501581e-13
1.001194321859705962e-13
1.004402126253140971e-13
1.004402126253140971e-13
1.001711738523749123e-13
1.001194321859705962e-13
1.001194321859705962e-13
9.958066501257449681e-14
1.001711738523749123e-13
1.001711738523749123e-13
9.922318906976022489e-14
9.958066501257449681e-14
9.958066501257449681e-14
9.891222013377732571e-14
9.922318906976022489e-14
9.922318906976022489e-14
4.426106287440821333e-12
9.891222013377732571e-14
9.891222013377732571e-14
1.102228678200470168e-13
4.426106287440821333e-12
4.426106287440821333e-12
9.801988348803783366e-14
1.102228678200470168e-13
1.102228678200470168e-13
9.772851513315478530e-14
9.801988348803783366e-14
9.801988348803783366e-14
9.742300574671814908e-14
9.772851513315478530e-14
9.772851513315478530e-14
1.583735529266104963e-12
9.742300574671814908e-14
9.742300574671814908e-14
9.835481148836940103e-14
1.583735529266104963e-12
1.583735529266104963e-12
9.657505016912272680e-14
9.835481148836940103e-14
9.835481148836940103e-14
9.628466788614876676e-14
9.657505016912272680e-14
9.657505016912272680e-14
9.598819727502885037e-14
9.628466788614876676e-14
9.628466788614876676e-14
3.535583380926227351e-12
9.598819727502885037e-14
9.598819727502885037e-14
1.002007732302228181e-13
3.535583380926227351e-12
3.535583380926227351e-12
9.516252268535058667e-14
1.002007732302228181e-13
1.002007732302228181e-13
9.487828732859750571e-14
9.516252268535058667e-14
9.516252268535058667e-14
9.459069498048007100e-14
9.487828732859750571e-14
9.487828732859750571e-14
2.231863164457207153e-10
9.459069498048007100e-14
9.459069498048007100e-14
9.833837326958736731e-14
2.231863164457207153e-10
2.231863164457207153e-10
9.377263400034493406e-14
9.833837326958736731e-14
9.833837326958736731e-14
9.350863220897823173e-14
9.377263400034493406e-14
9.377263400034493406e-14
9.322917696590014373e-14
9.350863220897823173e-14
9.350863220897823173e-14
9.652485300064092274e-12
9.322917696590014373e-14
9.322917696590014373e-14
9.606468931495474025e-14
9.652485300064092274e-12
9.652485300064092274e-12
9.243282763664208345e-14
9.606468931495474025e-14
9.606468931495474025e-14
9.217622385290492159e-14
9.243282763664208345e-14
9.243282763664208345e-14
9.190490482887771644e-14
9.217622385290492159e-14
9.217622385290492159e-14
5.139282104961992840e-13
9.190490482887771644e-14
9.190490482887771644e-14
1.093898142023649199e-13
5.139282104961992840e-13
5.139282104961992840e-13
9.112782240409128480e-14
1.093898142023649199e-13
9.087659285898080244e-14
1.093898142023649199e-13
9.112782240409128480e-14
9.061187242362509243e-14
9.112782240409128480e-14
9.087659285898080244e-14
2.794157688304201518e-10
9.087659285898080244e-14
9.061187242362509243e-14
9.062056442302223879e-14
9.061187242362509243e-14
2.794157688304201518e-10
8.985568731258162325e-14
2.794157688304201518e-10
9.062056442302223879e-14
8.961106667058108905e-14
9.062056442302223879e-14
8.985568731258162325e-14
8.935228511175005277e-14
8.985568731258162325e-14
8.961106667058108905e-14
6.223204810966722517e-11
8.961106667058108905e-14
8.935228511175005277e-14
8.942817984733440274e-14
8.935228511175005277e-14
6.223204810966722517e-11
8.862636095135049570e-14
6.223204810966722517e-11
8.942817984733440274e-14
8.837792110434366691e-14
8.942817984733440274e-14
8.862636095135049570e-14
8.812449305432158017e-14
8.862636095135049570e-14
8.837792110434366691e-14
3.271946305684089812e-12
8.812449305432158017e-14
8.837792110434366691e-14
8.794637358713796041e-14
3.271946305684089812e-12
8.812449305432158017e-14
8.741986901902425764e-14
8.794637358713796041e-14
3.271946305684089812e-12
8.717703046864236447e-14
8.741986901902425764e-14
8.794637358713796041e-14
8.692824931183074081e-14
8.717703046864236447e-14
8.741986901902425764e-14
5.623504165466624297e-13
8.692824931183074081e-14
8.717703046864236447e-14
8.656157737380615684e-14
5.623504165466624297e-13
8.692824931183074081e-14
8.624512487759015518e-14
8.656157737380615684e-14
5.623504165466624297e-13
8.600830732209926576e-14
8.624512487759015518e-14
8.656157737380615684e-14
8.578339146120748092e-14
8.600830732209926576e-14
8.624512487759015518e-14
1.276866609464078428e-13
8.578339146120748092e-14
8.600830732209926576e-14
8.534156876035135931e-14
1.276866609464078428e-13
8.578339146120748092e-14
8.510089401186770068e-14
8.534156876035135931e-14
1.276866609464078428e-13
8.486815930292186096e-14
8.510089401186770068e-14
8.534156876035135931e-14
1.007322812539068525e-10
8.486815930292186096e-14
8.453770763472497042e-14
8.510089401186770068e-14
1.007322812539068525e-10
8.420596453125221344e-14
8.486815930292186096e-14
8.453770763472497042e-14
8.398642855039484514e-14
1.007322812539068525e-10
8.420596453125221344e-14
8.375765320452609965e-14
8.453770763472497042e-14
8.398642855039484514e-14
7.420610063474203544e-13
8.420596453125221344e-14
8.375765320452609965e-14
8.333317956599091130e-14
8.398642855039484514e-14
7.420610063474203544e-13
8.311969225650272590e-14
8.375765320452609965e-14
8.333317956599091130e-14
8.290119421605062946e-14
7.420610063474203544e-13
8.311969225650272590e-14
8.267465829892612698e-14
8.333317956599091130e-14
8.290119421605062946e-14
4.807529848998908832e-13
8.267465829892612698e-14
8.311969225650272590e-14
8.223895906704077259e-14
4.807529848998908832e-13
8.290119421605062946e-14
8.205879126871642011e-14
8.223895906704077259e-14
8.267465829892612698e-14
8.184424245469122290e-14
8.205879126871642011e-14
4.807529848998908832e-13
9.792362818282542283e-14
8.184424245469122290e-14
8.223895906704077259e-14
1.208023951281949503e-13
9.792362818282542283e-14
8.205879126871642011e-14
8.123056630498724212e-14
1.208023951281949503e-13
8.184424245469122290e-14
8.102807084552483775e-14
8.123056630498724212e-14
9.792362818282542283e-14
8.081836585367169844e-14
8.102807084552483775e-14
1.208023951281949503e-13
5.214653411094045546e-12
8.081836585367169844e-14
8.123056630498724212e-14
9.380912007254926608e-14
5.214653411094045546e-12
8.102807084552483775e-14
8.022519905124670381e-14
9.380912007254926608e-14
8.081836585367169844e-14
8.002271447555105150e-14
8.022519905124670381e-14
5.214653411094045546e-12
7.981743892212749608e-14
8.002271447555105150e-14
9.380912007254926608e-14
9.338131515679728864e-11
7.981743892212749608e-14
8.022519905124670381e-14
7.941544690072074125e-14
9.338131515679728864e-11
8.002271447555105150e-14
7.923710453052133061e-14
7.941544690072074125e-14
7.981743892212749608e-14
7.923710453052133061e-14
7.904254939804555471e-14
9.338131515679728864e-11
7.884133780440465903e-14
7.904254939804555471e-14
7.941544690072074125e-14
2.873595245027302650e-12
7.884133780440465903e-14
7.923710453052133061e-14
7.846134575372573958e-14
2.873595245027302650e-12
7.846134575372573958e-14
7.828093664320956948e-14
7.904254939804555471e-14
7.828093664320956948e-14
7.809088705653361864e-14
7.884133780440465903e-14
7.809088705653361864e-14
7.789473897569579689e-14
2.873595245027302650e-12
7.789473897569579689e-14
5.827038180015786081e-12
7.846134575372573958e-14
5.827038180015786081e-12
7.751007876845687377e-14
7.828093664320956948e-14
7.751007876845687377e-14
7.734748961157685938e-14
7.809088705653361864e-14
7.734748961157685938e-14
7.716202484838394211e-14
7.789473897569579689e-14
7.697028405493624674e-14
5.827038180015786081e-12
2.186438198733358172e-12
7.751007876845687377e-14
2.186438198733358172e-12
7.658886335231305658e-14
7.734748961157685938e-14
7.658886335231305658e-14
7.643979599560853054e-14
7.716202484838394211e-14
7.643979599560853054e-14
7.625790421369476428e-14
7.697028405493624674e-14
7.625790421369476428e-14
7.607079349430015521e-14
2.186438198733358172e-12
7.607079349430015521e-14
6.985332118109087592e-13
7.658886335231305658e-14
6.985332118109087592e-13
7.582953703500347978e-14
7.643979599560853054e-14
7.582953703500347978e-14
7.555377440494834719e-14
7.625790421369476428e-14
7.555377440494834719e-14
7.537572013123290953e-14
7.607079349430015521e-14
7.537572013123290953e-14
7.518582504524316097e-14
6.985332118109087592e-13
7.518582504524316097e-14
1.179179579842430201e-13
7.582953703500347978e-14
1.179179579842430201e-13
7.489842905978376720e-14
7.555377440494834719e-14
7.489842905978376720e-14
7.469018270484445501e-14
7.537572013123290953e-14
7.469018270484445501e-14
7.451476045308899220e-14
7.518582504524316097e-14
7.451476045308899220e-14
3.789691073100698797e-12
1.179179579842430201e-13
3.789691073100698797e-12
8.393170313855289591e-14
7.489842905978376720e-14
8.393170313855289591e-14
7.401388654842829323e-14
7.469018270484445501e-14
7.401388654842829323e-14
7.384682777457937281e-14
7.451476045308899220e-14
7.384682777457937281e-14
7.367435847311592111e-14
3.789691073100698797e-12
7.367435847311592111e-14
9.334733084349359433e-13
8.393170313855289591e-14
9.334733084349359433e-13
7.344555042582098094e-14
7.344555042582098094e-14
7.401388654842829323e-14
7.319113597126108949e-14
7.319113597126108949e-14
7.302416708981975479e-14
7.384682777457937281e-14
7.302416708981975479e-14
7.285318028214218198e-14
7.367435847311592111e-14
7.285318028214218198e-14
1.050444523350135941e-13
9.334733084349359433e-13
1.050444523350135941e-13
7.260278001665717586e-14
7.344555042582098094e-14
7.260278001665717586e-14
7.238548513255540924e-14
7.319113597126108949e-14
7.238548513255540924e-14
7.222225223265694711e-14
7.302416708981975479e-14
7.222225223265694711e-14
9.129316561485774135e-12
7.285318028214218198e-14
9.129316561485774135e-12
7.568041886732304256e-14
1.050444523350135941e-13
7.175143989264830216e-14
7.260278001665717586e-14
7.160004046911746629e-14
7.175143989264830216e-14
7.238548513255540924e-14
7.160004046911746629e-14
7.222225223265694711e-14
7.143930958149950241e-14
9.129316561485774135e-12
1.104077406468504640e-11
7.129045482418707975e-14
7.568041886732304256e-14
7.129045482418707975e-14
7.098875176667523344e-14
7.175143989264830216e-14
7.098875176667523344e-14
7.160004046911746629e-14
7.083579078747761399e-14
7.143930958149950241e-14
7.067767592260444978e-14
1.104077406468504640e-11
8.702420158848372900e-13
7.043093930953831353e-14
7.129045482418707975e-14
7.043093930953831353e-14
7.024244814917390021e-14
7.098875176667523344e-14
7.009204292867548755e-14
7.083579078747761399e-14
7.009204292867548755e-14
6.993971433801937920e-14
7.067767592260444978e-14
3.707276590368576517e-13
6.993971433801937920e-14
8.702420158848372900e-13
6.967459907424970252e-14
3.707276590368576517e-13
7.043093930953831353e-14
6.967459907424970252e-14
6.951533541296119026e-14
7.024244814917390021e-14
6.951533541296119026e-14
7.009204292867548755e-14
6.922072970848544093e-14
6.993971433801937920e-14
6.922072970848544093e-14
2.173489772289249901e-13
3.707276590368576517e-13
6.895850075682604232e-14
2.173489772289249901e-13
6.967459907424970252e-14
6.895850075682604232e-14
6.880594896473245502e-14
6.951533541296119026e-14
6.866247457845604185e-14
6.880594896473245502e-14
6.936849487020372801e-14
6.851297822644538486e-14
6.866247457845604185e-14
6.922072970848544093e-14
2.399648360345961143e-13
2.173489772289249901e-13
6.828686193055392580e-14
6.828686193055392580e-14
6.811607877300316358e-14
6.895850075682604232e-14
6.811607877300316358e-14
6.797683515095817696e-14
6.880594896473245502e-14
6.797683515095817696e-14
6.783406781885302409e-14
6.866247457845604185e-14
6.783406781885302409e-14
6.678474729742089145e-13
6.851297822644538486e-14
6.678474729742089145e-13
6.755724768182583576e-14
2.399648360345961143e-13
6.755724768182583576e-14
6.744166784827695937e-14
6.828686193055392580e-14
6.744166784827695937e-14
6.730640542945514748e-14
6.811607877300316358e-14
6.730640542945514748e-14
6.716739189197030345e-14
6.797683515095817696e-14
6.716739189197030345e-14
2.818484190086432132e-12
6.783406781885302409e-14
2.818484190086432132e-12
6.689184941699441884e-14
6.678474729742089145e-13
6.689184941699441884e-14
6.678458650095122567e-14
6.755724768182583576e-14
6.678458650095122567e-14
6.744166784827695937e-14
6.665246935145075056e-14
6.651704458954364138e-14
6.730640542945514748e-14
6.651704458954364138e-14
1.002585488746216349e-12
6.716739189197030345e-14
6.624673787803104946e-14
1.002585488746216349e-12
2.818484190086432132e-12
6.614397820046976307e-14
6.689184941699441884e-14
6.614397820046976307e-14
6.601499783641829109e-14
6.678458650095122567e-14
6.588321708382868970e-14
6.601499783641829109e-14
6.665246935145075056e-14
6.588321708382868970e-14
1.597510466433669510e-12
6.651704458954364138e-14
6.562808881536065898e-14
1.597510466433669510e-12
1.002585488746216349e-12
6.551824171649660159e-14
6.562808881536065898e-14
6.624673787803104946e-14
6.539249478829665371e-14
6.551824171649660159e-14
6.614397820046976307e-14
6.526404408001495229e-14
6.539249478829665371e-14
6.601499783641829109e-14
6.526404408001495229e-14
6.588321708382868970e-14
6.539877340480426790e-14
1.597510466433669510e-12
6.490706595672394521e-14
6.539877340480426790e-14
6.562808881536065898e-14
6.490706595672394521e-14
6.478363702336408889e-14
6.551824171649660159e-14
6.465786063550601022e-14
6.478363702336408889e-14
6.539249478829665371e-14
2.361710842881170685e-13
6.526404408001495229e-14
6.455880792345729802e-14
1.867912907072822239e-13
6.455880792345729802e-14
6.431052641044629731e-14
6.539877340480426790e-14
6.431052641044629731e-14
6.419047542861573229e-14
6.490706595672394521e-14
6.419047542861573229e-14
6.406760238414247069e-14
6.478363702336408889e-14
6.406760238414247069e-14
1.018344740654660984e-13
6.465786063550601022e-14
1.018344740654660984e-13
6.394624126924469852e-14
2.361710842881170685e-13
6.394624126924469852e-14
6.372925627861189352e-14
6.455880792345729802e-14
6.372925627861189352e-14
6.361211960125639984e-14
6.431052641044629731e-14
6.361211960125639984e-14
6.349220151816317592e-14
6.419047542861573229e-14
6.349220151816317592e-14
1.966333915150548408e-12
6.406760238414247069e-14
1.966333915150548408e-12
6.325305903776181875e-14
1.018344740654660984e-13
6.325305903776181875e-14
6.316144068980587411e-14
6.394624126924469852e-14
6.316144068980587411e-14
6.304806111774560178e-14
6.372925627861189352e-14
6.304806111774560178e-14
6.293120366197033871e-14
6.361211960125639984e-14
6.293120366197033871e-14
8.290952094277152526e-14
6.349220151816317592e-14
8.290952094277152526e-14
6.272562640228187154e-14
1.966333915150548408e-12
6.272562640228187154e-14
6.260903942942935885e-14
6.325305903776181875e-14
6.260903942942935885e-14
6.249837520488801033e-14
6.316144068980587411e-14
6.249837520488801033e-14
6.238479081269988160e-14
6.304806111774560178e-14
6.238479081269988160e-14
1.446221249783276605e-11
6.293120366197033871e-14
1.446221249783276605e-11
6.294885157180860190e-14
8.290952094277152526e-14
6.294885157180860190e-14
6.206711212451650332e-14
6.272562640228187154e-14
6.206711212451650332e-14
6.260903942942935885e-14
6.196017624462910053e-14
6.249837520488801033e-14
7.927281373632845445e-12
6.238479081269988160e-14
6.162741910619787110e-14
1.446221249783276605e-11
6.162741910619787110e-14
6.153898535586845319e-14
6.294885157180860190e-14
6.143401170625984816e-14
6.206711212451650332e-14
6.143401170625984816e-14
6.132533828353326599e-14
6.196017624462910053e-14
7.400255646666971169e-13
6.184924590325128993e-14
6.113437513443968405e-14
7.927281373632845445e-12
6.102567918458563406e-14
6.113437513443968405e-14
6.162741910619787110e-14
6.092240030833273856e-14
6.102567918458563406e-14
6.153898535586845319e-14
6.081663284717943595e-14
6.143401170625984816e-14
5.685043952175310160e-12
6.132533828353326599e-14
6.078022022942035819e-14
5.685043952175310160e-12
7.400255646666971169e-13
6.078022022942035819e-14
6.052224160059356815e-14
6.113437513443968405e-14
6.042181933417512707e-14
6.052224160059356815e-14
6.102567918458563406e-14
6.042181933417512707e-14
6.092240030833273856e-14
1.238397896355376440e-12
6.031859629500950725e-14
6.081663284717943595e-14
6.037393328816027803e-14
1.238397896355376440e-12
5.685043952175310160e-12
6.002970635302884884e-14
6.037393328816027803e-14
6.078022022942035819e-14
5.993244994377373451e-14
6.002970635302884884e-14
5.983149234636408985e-14
6.052224160059356815e-14
5.993244994377373451e-14
6.042181933417512707e-14
5.983149234636408985e-14
4.000151134597078328e-13
6.031859629500950725e-14
5.964668259543717909e-14
4.000151134597078328e-13
1.238397896355376440e-12
5.955052419971088209e-14
5.964668259543717909e-14
6.037393328816027803e-14
5.945354358761222795e-14
5.955052419971088209e-14
6.002970635302884884e-14
5.935457699977285572e-14
5.945354358761222795e-14
5.993244994377373451e-14
1.082287972607482131e-12
5.935457699977285572e-14
5.983149234636408985e-14
1.082287972607482131e-12
5.920176550476115145e-14
5.920176550476115145e-14
4.000151134597078328e-13
5.908026299047858372e-14
5.908026299047858372e-14
5.964668259543717909e-14
5.898562988522457607e-14
5.898562988522457607e-14
5.955052419971088209e-14
5.894947914446738214e-14
5.894947914446738214e-14
5.945354358761222795e-14
1.698954877794085582e-13
1.698954877794085582e-13
5.935457699977285572e-14
5.873152301252771990e-14
5.873152301252771990e-14
1.082287972607482131e-12
5.862105909191504250e-14
5.862105909191504250e-14
5.920176550476115145e-14
5.852760277434380124e-14
5.852760277434380124e-14
5.908026299047858372e-14
5.965194548066625313e-14
5.965194548066625313e-14
5.898562988522457607e-14
6.077144427627992259e-14
6.077144427627992259e-14
5.894947914446738214e-14
5.826110906281419655e-14
5.826110906281419655e-14
1.698954877794085582e-13
5.817184415268375278e-14
5.817184415268375278e-14
5.873152301252771990e-14
5.807959642031934073e-14
5.807959642031934073e-14
5.862105909191504250e-14
9.483620689644233424e-13
9.483620689644233424e-13
5.852760277434380124e-14
5.796862117656362430e-14
5.796862117656362430e-14
5.965194548066625313e-14
5.782140770923146072e-14
5.782140770923146072e-14
6.077144427627992259e-14
5.773216575790733374e-14
5.773216575790733374e-14
5.826110906281419655e-14
5.764853393587046589e-14
5.764853393587046589e-14
5.817184415268375278e-14
6.296807932000686068e-14
6.296807932000686068e-14
5.807959642031934073e-14
5.746350899552787316e-14
5.746350899552787316e-14
9.483620689644233424e-13
5.739247106766717475e-14
5.739247106766717475e-14
5.796862117656362430e-14
5.730552221176658849e-14
5.730552221176658849e-14
5.782140770923146072e-14
5.721312461619583410e-14
5.721312461619583410e-14
5.773216575790733374e-14
1.141780449911909268e-13
1.141780449911909268e-13
5.764853393587046589e-14
5.704151860815928328e-14
5.704151860815928328e-14
6.296807932000686068e-14
5.697285518357825047e-14
5.697285518357825047e-14
5.746350899552787316e-14
5.688780810891299038e-14
5.688780810891299038e-14
5.739247106766717475e-14
5.682421869250314446e-14
5.682421869250314446e-14
5.730552221176658849e-14
1.989121775068269386e-13
1.989121775068269386e-13
5.721312461619583410e-14
5.663259519784635979e-14
5.663259519784635979e-14
1.141780449911909268e-13
5.656240759519035574e-14
5.656240759519035574e-14
5.704151860815928328e-14
5.647921389746496930e-14
5.647921389746496930e-14
5.697285518357825047e-14
5.766491242992874184e-14
5.766491242992874184e-14
5.688780810891299038e-14
1.207880568947025419e-13
1.207880568947025419e-13
5.682421869250314446e-14
5.623511504956275913e-14
5.623511504956275913e-14
1.989121775068269386e-13
5.616150744139316999e-14
5.616150744139316999e-14
5.663259519784635979e-14
5.607995887429225100e-14
5.607995887429225100e-14
5.656240759519035574e-14
3.586991111543333191e-13
3.586991111543333191e-13
5.647921389746496930e-14
6.677880238210392193e-14
6.677880238210392193e-14
5.766491242992874184e-14
5.584549309122390707e-14
5.584549309122390707e-14
1.207880568947025419e-13
5.576879806619689731e-14
5.576879806619689731e-14
5.623511504956275913e-14
5.568857837223054767e-14
5.568857837223054767e-14
5.616150744139316999e-14
9.471917234339713974e-11
9.471917234339713974e-11
5.607995887429225100e-14
5.572092584245427127e-14
5.572092584245427127e-14
3.586991111543333191e-13
5.546355367042270665e-14
5.546355367042270665e-14
6.677880238210392193e-14
5.538422481930032417e-14
5.538422481930032417e-14
5.584549309122390707e-14
5.530512367303658021e-14
5.530512367303658021e-14
5.576879806619689731e-14
1.572223439550319321e-12
1.572223439550319321e-12
5.568857837223054767e-14
5.520246349246051775e-14
5.520246349246051775e-14
9.471917234339713974e-11
5.508379923669687015e-14
5.508379923669687015e-14
5.572092584245427127e-14
5.500755748085122042e-14
5.500755748085122042e-14
5.546355367042270665e-14
5.492307062186927886e-14
5.492307062186927886e-14
5.538422481930032417e-14
1.629818302679626850e-13
1.629818302679626850e-13
5.530512367303658021e-14
5.477754018567786012e-14
5.477754018567786012e-14
1.572223439550319321e-12
5.471446935675966659e-14
5.471446935675966659e-14
5.520246349246051775e-14
5.463912723106935672e-14
5.463912723106935672e-14
5.508379923669687015e-14
6.645426607064017563e-13
6.645426607064017563e-13
5.500755748085122042e-14
5.486297375095808919e-14
5.492307062186927886e-14
5.442711641005096814e-14
5.442711641005096814e-14
1.629818302679626850e-13
5.435251471772563047e-14
5.435251471772563047e-14
5.477754018567786012e-14
5.427804461633033768e-14
5.471446935675966659e-14
4.155099253207038110e-12
4.155099253207038110e-12
5.463912723106935672e-14
5.415142923786247387e-14
6.645426607064017563e-13
5.407123283134227278e-14
5.407123283134227278e-14
5.486297375095808919e-14
5.400054755991960509e-14
5.400054755991960509e-14
5.442711641005096814e-14
5.392765175879090683e-14
5.435251471772563047e-14
1.118934381936759700e-12
5.427804461633033768e-14
5.380800052132201116e-14
4.155099253207038110e-12
5.372585193811972871e-14
5.415142923786247387e-14
5.365619467417016550e-14
5.407123283134227278e-14
5.358493778702072457e-14
5.400054755991960509e-14
9.991526317848558150e-13
9.991526317848558150e-13
5.392765175879090683e-14
5.344775750413799062e-14
5.344775750413799062e-14
1.118934381936759700e-12
5.338630146139461171e-14
5.338630146139461171e-14
5.380800052132201116e-14
5.331839251840785086e-14
5.372585193811972871e-14
5.324846665482485972e-14
5.324846665482485972e-14
5.365619467417016550e-14
5.645423149477129150e-13
5.645423149477129150e-13
5.358493778702072457e-14
5.319181642686854530e-14
5.305515438466001741e-14
5.305515438466001741e-14
9.991526317848558150e-13
5.344775750413799062e-14
5.298811058744800755e-14
5.338630146139461171e-14
5.291912987763178486e-14
5.331839251840785086e-14
3.292730936929247278e-13
5.324846665482485972e-14
5.280704538152690942e-14
5.645423149477129150e-13
5.272973149999266749e-14
5.266407714471379826e-14
5.319181642686854530e-14
5.305987188918716340e-14
5.305987188918716340e-14
5.305515438466001741e-14
1.004975785506138882e-13
1.004975785506138882e-13
5.298811058744800755e-14
5.248609401573032993e-14
5.248609401573032993e-14
5.291912987763178486e-14
5.241118467964463606e-14
5.241118467964463606e-14
3.292730936929247278e-13
5.234623272983765293e-14
5.280704538152690942e-14
1.115736892196825697e-12
5.272973149999266749e-14
5.521398464590334382e-14
5.266407714471379826e-14
5.216358108365278028e-14
5.216358108365278028e-14
5.305987188918716340e-14
5.209926451800451642e-14
5.209926451800451642e-14
1.004975785506138882e-13
5.203512442288010174e-14
5.203512442288010174e-14
5.248609401573032993e-14
7.099076921780585915e-13
5.241118467964463606e-14
5.229686293664537395e-14
5.234623272983765293e-14
5.185672546673110286e-14
1.115736892196825697e-12
5.179566053799121256e-14
5.179566053799121256e-14
5.521398464590334382e-14
5.173309529640981720e-14
5.216358108365278028e-14
6.737930671606349338e-11
5.209926451800451642e-14
5.256787676532235061e-14
5.203512442288010174e-14
5.155649997266298053e-14
7.099076921780585915e-13
5.149741051385674950e-14
5.229686293664537395e-14
5.143612696844484713e-14
5.143612696844484713e-14
5.185672546673110286e-14
4.146690242577709532e-11
5.179566053799121256e-14
5.168898337232775519e-14
5.173309529640981720e-14
5.126422335131553520e-14
5.126422335131553520e-14
6.737930671606349338e-11
5.120467032874325207e-14
5.256787676532235061e-14
5.114435458432614994e-14
5.114435458432614994e-14
5.155649997266298053e-14
1.091359636380077119e-12
1.091359636380077119e-12
5.149741051385674950e-14
5.102915850253552019e-14
5.143612696844484713e-14
5.097598406258731362e-14
5.097598406258731362e-14
4.146690242577709532e-11
5.091880714314940656e-14
5.091880714314940656e-14
5.168898337232775519e-14
5.085977535603341166e-14
5.085977535603341166e-14
5.126422335131553520e-14
1.589005449039350746e-13
1.589005449039350746e-13
5.120467032874325207e-14
5.074109429161838003e-14
5.074109429161838003e-14
5.114435458432614994e-14
5.069489872891788132e-14
5.069489872891788132e-14
1.091359636380077119e-12
5.063864170090282378e-14
5.102915850253552019e-14
5.058085388618093502e-14
5.097598406258731362e-14
5.443092125273992267e-12
5.091880714314940656e-14
5.072818848760992020e-14
5.072818848760992020e-14
5.085977535603341166e-14
5.041816337529616816e-14
1.589005449039350746e-13
5.036344765513075329e-14
5.036344765513075329e-14
5.074109429161838003e-14
5.030661458990362128e-14
5.069489872891788132e-14
5.818147934348035368e-12
5.063864170090282378e-14
5.027184130997307913e-14
5.027184130997307913e-14
5.058085388618093502e-14
5.014905930610039565e-14
5.443092125273992267e-12
5.009470448190163723e-14
5.072818848760992020e-14
5.003915348572882934e-14
5.041816337529616816e-14
2.219226930237827463e-12
2.219226930237827463e-12
5.036344765513075329e-14
4.992838586615788481e-14
4.992838586615788481e-14
5.030661458990362128e-14
4.988447163528880347e-14
4.988447163528880347e-14
5.818147934348035368e-12
4.983074014255051668e-14
4.983074014255051668e-14
5.027184130997307913e-14
4.977625760535663259e-14
4.977625760535663259e-14
5.014905930610039565e-14
2.485390844070631096e-12
5.009470448190163723e-14
5.007127125660246106e-14
5.007127125660246106e-14
5.003915348572882934e-14
4.962435296518051238e-14
2.219226930237827463e-12
4.957155054993831477e-14
4.992838586615788481e-14
4.951793301023805123e-14
4.951793301023805123e-14
4.988447163528880347e-14
2.350306665434399394e-12
4.983074014255051668e-14
4.954281702819167405e-14
4.977625760535663259e-14
4.936884123197678202e-14
2.485390844070631096e-12
4.931746110506261691e-14
5.007127125660246106e-14
4.926458973888730236e-14
4.962435296518051238e-14
8.247332206874180493e-13
8.247332206874180493e-13
4.957155054993831477e-14
4.915988332577509075e-14
4.951793301023805123e-14
4.911931614328090081e-14
2.350306665434399394e-12
4.906867884909430153e-14
4.906867884909430153e-14
4.954281702819167405e-14
4.901643259444301208e-14
4.901643259444301208e-14
4.936884123197678202e-14
4.418424904421657078e-13
4.418424904421657078e-13
4.931746110506261691e-14
4.891528414806718348e-14
4.891528414806718348e-14
4.926458973888730236e-14
4.887399570692396565e-14
4.887399570692396565e-14
8.247332206874180493e-13
4.882419415692288978e-14
4.882419415692288978e-14
4.915988332577509075e-14
4.887322527481186775e-14
4.887322527481186775e-14
4.911931614328090081e-14
5.053231679198931912e-14
5.053231679198931912e-14
4.906867884909430153e-14
4.867507024653260595e-14
4.901643259444301208e-14
4.863312162162683295e-14
4.863312162162683295e-14
4.418424904421657078e-13
4.858400917589870637e-14
4.891528414806718348e-14
1.712857057365328420e-10
1.712857057365328420e-10
4.887399570692396565e-14
5.506178779537137530e-14
5.506178779537137530e-14
4.882419415692288978e-14
4.844731301386114655e-14
4.844731301386114655e-14
4.887322527481186775e-14
4.839673611136026432e-14
4.839673611136026432e-14
5.053231679198931912e-14
4.834823462497923588e-14
4.867507024653260595e-14
6.278070329395693424e-12
6.278070329395693424e-12
4.863312162162683295e-14
4.827838671556733117e-14
4.827838671556733117e-14
4.858400917589870637e-14
4.821070489800069804e-14
1.712857057365328420e-10
4.816454208006262561e-14
5.506178779537137530e-14
4.811659718062651792e-14
4.844731301386114655e-14
8.426595527458157529e-13
4.839673611136026432e-14
4.809491397197089369e-14
4.834823462497923588e-14
4.798370883787749941e-14
6.278070329395693424e-12
4.793754514465003745e-14
4.827838671556733117e-14
4.789021651552812782e-14
4.821070489800069804e-14
5.991260440877385216e-13
4.816454208006262561e-14
4.784493929297095757e-14
4.811659718062651792e-14
4.775953605194126337e-14
4.775953605194126337e-14
8.426595527458157529e-13
4.771436556327787713e-14
4.809491397197089369e-14
4.770117114731657308e-14
4.798370883787749941e-14
1.249000591021211099e-13
4.793754514465003745e-14
4.759834494737674421e-14
4.789021651552812782e-14
4.753969042773436537e-14
5.991260440877385216e-13
4.749485278757769229e-14
4.784493929297095757e-14
2.013198722079462845e-11
2.013198722079462845e-11
4.775953605194126337e-14
5.344689692378649346e-14
4.771436556327787713e-14
4.737131087744339810e-14
4.770117114731657308e-14
4.732436104225523137e-14
4.732436104225523137e-14
1.249000591021211099e-13
4.728032688916112318e-14
4.759834494737674421e-14
5.381395236695835434e-11
5.381395236695835434e-11
4.753969042773436537e-14
5.841285798825093632e-14
5.841285798825093632e-14
4.749485278757769229e-14
4.715821985662560622e-14
4.715821985662560622e-14
2.013198722079462845e-11
4.711273255200437190e-14
4.711273255200437190e-14
5.344689692378649346e-14
4.706943491547154953e-14
4.706943491547154953e-14
4.737131087744339810e-14
1.296765822161339604e-10
4.732436104225523137e-14
4.710428454632694003e-14
4.728032688916112318e-14
4.694779866133127536e-14
4.694779866133127536e-14
5.381395236695835434e-11
4.690464316911669301e-14
4.690464316911669301e-14
5.841285798825093632e-14
4.686188157548589242e-14
4.715821985662560622e-14
1.584753015507712122e-12
4.711273255200437190e-14
4.696190043406493364e-14
4.696190043406493364e-14
4.706943491547154953e-14
4.674057582404246277e-14
1.296765822161339604e-10
4.670004865764669527e-14
4.710428454632694003e-14
4.665782458386588909e-14
4.665782458386588909e-14
4.694779866133127536e-14
5.378127603994686514e-14
5.378127603994686514e-14
4.690464316911669301e-14
4.657351691282992499e-14
4.657351691282992499e-14
4.686188157548589242e-14
4.653945419185809104e-14
4.653945419185809104e-14
1.584753015507712122e-12
4.649878138016216373e-14
4.649878138016216373e-14
4.696190043406493364e-14
4.676795038245778030e-14
4.676795038245778030e-14
4.674057582404246277e-14
1.168188368381669419e-13
1.168188368381669419e-13
4.670004865764669527e-14
4.639088186999874318e-14
4.639088186999874318e-14
4.665782458386588909e-14
4.634147923737005759e-14
4.634147923737005759e-14
5.378127603994686514e-14
4.630107098221249158e-14
4.630107098221249158e-14
4.657351691282992499e-14
1.135045795770380054e-11
4.653945419185809104e-14
4.664777461614948340e-14
4.664777461614948340e-14
4.649878138016216373e-14
4.618408662036433190e-14
4.676795038245778030e-14
4.614658907292239012e-14
4.614658907292239012e-14
1.168188368381669419e-13
4.610642770594797462e-14
4.610642770594797462e-14
4.639088186999874318e-14
3.048840886759392512e-12
3.048840886759392512e-12
4.634147923737005759e-14
4.604243869250095395e-14
4.604243869250095395e-14
4.630107098221249158e-14
4.599371243007633376e-14
1.135045795770380054e-11
4.595503514978986625e-14
4.595503514978986625e-14
4.664777461614948340e-14
4.592068778947365852e-14
4.592068778947365852e-14
1.977335878335893168e-13
4.618408662036433190e-14
4.585509750030279838e-14
4.585509750030279838e-14
4.614658907292239012e-14
4.580561364726623899e-14
4.580561364726623899e-14
4.610642770594797462e-14
4.576742445289839969e-14
3.048840886759392512e-12
4.604243869250095395e-14
4.575821510388097631e-14
4.575821510388097631e-14
1.448418442209810815e-13
1.448418442209810815e-13
4.599371243007633376e-14
4.565208358527926566e-14
4.565208358527926566e-14
4.595503514978986625e-14
4.562068262559288412e-14
4.562068262559288412e-14
4.592068778947365852e-14
4.558307625309652501e-14
4.558307625309652501e-14
1.977335878335893168e-13
5.335999359552943106e-14
5.335999359552943106e-14
4.585509750030279838e-14
4.554182754617699227e-14
4.554182754617699227e-14
4.580561364726623899e-14
4.547212480541296487e-14
4.547212480541296487e-14
4.576742445289839969e-14
4.543869991366501204e-14
4.543869991366501204e-14
4.575821510388097631e-14
4.540148206578654948e-14
4.540148206578654948e-14
1.448418442209810815e-13
2.852388240005549170e-10
2.852388240005549170e-10
4.565208358527926566e-14
4.656208834841899372e-14
4.656208834841899372e-14
4.562068262559288412e-14
4.529328420196622386e-14
4.529328420196622386e-14
4.558307625309652501e-14
4.525965526540638877e-14
4.525965526540638877e-14
5.335999359552943106e-14
4.522294199186570417e-14
4.522294199186570417e-14
4.554182754617699227e-14
5.528689852076729679e-14
5.528689852076729679e-14
4.547212480541296487e-14
4.680339984510976768e-14
4.680339984510976768e-14
4.543869991366501204e-14
4.511927013421627693e-14
4.540148206578654948e-14
4.508336762442724359e-14
4.508336762442724359e-14
2.852388240005549170e-10
4.504701210995577755e-14
4.504701210995577755e-14
4.656208834841899372e-14
2.820435158932491268e-12
2.820435158932491268e-12
4.529328420196622386e-14
4.499490070169414880e-14
4.499490070169414880e-14
4.525965526540638877e-14
4.494513690439911937e-14
4.494513690439911937e-14
4.522294199186570417e-14
4.490991369249551673e-14
4.490991369249551673e-14
5.528689852076729679e-14
4.487470398511781809e-14
4.487470398511781809e-14
4.680339984510976768e-14
2.530804825962957119e-13
2.530804825962957119e-13
4.511927013421627693e-14
4.480312524947862569e-14
4.480312524947862569e-14
4.508336762442724359e-14
4.477453556814937377e-14
4.477453556814937377e-14
4.504701210995577755e-14
4.473984410303175667e-14
4.473984410303175667e-14
2.820435158932491268e-12
4.470420419418370506e-14
4.470420419418370506e-14
4.499490070169414880e-14
2.972240331884541188e-13
2.972240331884541188e-13
4.494513690439911937e-14
4.465107626098200844e-14
4.465107626098200844e-14
4.490991369249551673e-14
4.460739957516765573e-14
4.487470398511781809e-14
4.457366598543376770e-14
4.457366598543376770e-14
2.530804825962957119e-13
4.453911940376787061e-14
4.453911940376787061e-14
4.480312524947862569e-14
8.902122050923194966e-12
4.477453556814937377e-14
4.483361004192518981e-14
4.483361004192518981e-14
4.473984410303175667e-14
4.444211549149698709e-14
4.444211549149698709e-14
4.470420419418370506e-14
4.440952121934939608e-14
4.440952121934939608e-14
2.972240331884541188e-13
4.437568668768335659e-14
4.437568668768335659e-14
4.465107626098200844e-14
9.670695574050047378e-11
9.670695574050047378e-11
4.460739957516765573e-14
4.577928708217768895e-14
4.577928708217768895e-14
4.457366598543376770e-14
4.428113158655680662e-14
4.428113158655680662e-14
4.453911940376787061e-14
4.424780505240295546e-14
4.424780505240295546e-14
8.902122050923194966e-12
4.421461389427039054e-14
4.421461389427039054e-14
4.483361004192518981e-14
9.351005999031742875e-11
9.351005999031742875e-11
4.444211549149698709e-14
4.615116380111284569e-14
4.615116380111284569e-14
4.440952121934939608e-14
4.412238762806344736e-14
4.437568668768335659e-14
4.408827894540168599e-14
4.408827894540168599e-14
9.670695574050047378e-11
4.405556561242654768e-14
4.405556561242654768e-14
4.577928708217768895e-14
9.694136543685832467e-11
9.694136543685832467e-11
4.428113158655680662e-14
4.524282996688033122e-14
4.424780505240295546e-14
4.396316403589810740e-14
4.396316403589810740e-14
4.421461389427039054e-14
4.393096625117733062e-14
4.393096625117733062e-14
9.351005999031742875e-11
4.389859319074205017e-14
4.615116380111284569e-14
6.069824524929458081e-12
4.412238762806344736e-14
4.407329971833191984e-14
4.408827894540168599e-14
4.380706865267734417e-14
4.405556561242654768e-14
4.377581698171335184e-14
4.377581698171335184e-14
9.694136543685832467e-11
4.374406653936171203e-14
4.524282996688033122e-14
4.549694146544963437e-14
4.549694146544963437e-14
4.396316403589810740e-14
4.368084254465068801e-14
4.393096625117733062e-14
4.365424916264994853e-14
4.365424916264994853e-14
4.389859319074205017e-14
4.362309937793661293e-14
4.362309937793661293e-14
6.069824524929458081e-12
6.824257664352235669e-14
6.824257664352235669e-14
4.407329971833191984e-14
4.445432343059024653e-14
4.445432343059024653e-14
4.380706865267734417e-14
4.353028998254107872e-14
4.353028998254107872e-14
4.377581698171335184e-14
4.350340089545240057e-14
4.350340089545240057e-14
4.374406653936171203e-14
4.347250539897810336e-14
4.347250539897810336e-14
4.549694146544963437e-14
6.280520095969012154e-11
6.280520095969012154e-11
4.368084254465068801e-14
4.567911952857379619e-14
4.365424916264994853e-14
4.338403980783433429e-14
4.338403980783433429e-14
4.362309937793661293e-14
4.335582298739491660e-14
6.824257664352235669e-14
4.332558636386742794e-14
4.332558636386742794e-14
4.445432343059024653e-14
6.722744416478986296e-14
6.722744416478986296e-14
4.353028998254107872e-14
6.714678820794648045e-14
4.350340089545240057e-14
4.324508454220521036e-14
4.324508454220521036e-14
4.347250539897810336e-14
4.321027018362751526e-14
4.321027018362751526e-14
6.280520095969012154e-11
4.318060728870695746e-14
4.318060728870695746e-14
4.567911952857379619e-14
4.314800412041589129e-14
4.338403980783433429e-14
5.445725472176439576e-14
5.445725472176439576e-14
4.335582298739491660e-14
4.309511762933025480e-14
4.332558636386742794e-14
4.306654426881813993e-14
4.306654426881813993e-14
6.722744416478986296e-14
4.303735041254061275e-14
6.714678820794648045e-14
4.316141489009432103e-14
4.324508454220521036e-14
1.115283739516438693e-13
1.115283739516438693e-13
4.321027018362751526e-14
4.295212573137676111e-14
4.295212573137676111e-14
4.318060728870695746e-14
4.292480339568620077e-14
4.292480339568620077e-14
4.314800412041589129e-14
4.289582570990021964e-14
5.445725472176439576e-14
1.824421829513012057e-12
4.309511762933025480e-14
6.238378669781100384e-14
4.306654426881813993e-14
4.281239484910409915e-14
4.281239484910409915e-14
4.303735041254061275e-14
4.278529621063182036e-14
4.278529621063182036e-14
4.316141489009432103e-14
4.275679560888130698e-14
4.275679560888130698e-14
1.115283739516438693e-13
2.262806565903423082e-12
2.262806565903423082e-12
4.295212573137676111e-14
4.795197684973377130e-14
4.795197684973377130e-14
4.292480339568620077e-14
4.267707559729952447e-14
4.289582570990021964e-14
4.264761595577842044e-14
4.264761595577842044e-14
1.824421829513012057e-12
4.261944449908980100e-14
4.261944449908980100e-14
6.238378669781100384e-14
8.340222923973148662e-11
4.281239484910409915e-14
4.380290349503741926e-14
4.380290349503741926e-14
4.278529621063182036e-14
4.253850513035293356e-14
4.253850513035293356e-14
4.275679560888130698e-14
4.251170579367787530e-14
4.251170579367787530e-14
2.262806565903423082e-12
4.248376594693526081e-14
4.248376594693526081e-14
4.795197684973377130e-14
1.377999936819072543e-11
1.377999936819072543e-11
4.267707559729952447e-14
4.259597191897254561e-14
4.259597191897254561e-14
4.264761595577842044e-14
4.240441574515941978e-14
4.240441574515941978e-14
4.261944449908980100e-14
4.237782755025538881e-14
4.237782755025538881e-14
8.340222923973148662e-11
4.235016389658279611e-14
4.235016389658279611e-14
4.380290349503741926e-14
1.685712846116254670e-12
1.685712846116254670e-12
4.253850513035293356e-14
4.231735770399999399e-14
4.231735770399999399e-14
4.251170579367787530e-14
4.227256857124530448e-14
4.227256857124530448e-14
4.248376594693526081e-14
4.224561573183842646e-14
4.224561573183842646e-14
1.377999936819072543e-11
4.221990258426910452e-14
4.221990258426910452e-14
4.259597191897254561e-14
1.628408556018982399e-13
1.628408556018982399e-13
4.240441574515941978e-14
4.218632876293569177e-14
4.218632876293569177e-14
4.237782755025538881e-14
4.214172946978363463e-14
4.214172946978363463e-14
4.235016389658279611e-14
4.211502495757413996e-14
4.211502495757413996e-14
1.685712846116254670e-12
7.806386118378067408e-11
7.806386118378067408e-11
4.231735770399999399e-14
4.817599322321356839e-14
4.817599322321356839e-14
4.227256857124530448e-14
4.203683732040315666e-14
4.203683732040315666e-14
4.224561573183842646e-14
4.201261308814834502e-14
4.201261308814834502e-14
4.221990258426910452e-14
4.198611421567499931e-14
4.198611421567499931e-14
1.628408556018982399e-13
1.105062034462919809e-11
1.105062034462919809e-11
4.218632876293569177e-14
4.213455076168130926e-14
4.214172946978363463e-14
4.191128653403903896e-14
4.211502495757413996e-14
4.188532202466434365e-14
4.188532202466434365e-14
7.806386118378067408e-11
4.185859413121619957e-14
4.185859413121619957e-14
4.817599322321356839e-14
1.237466222757110946e-13
1.237466222757110946e-13
4.203683732040315666e-14
4.181103459428071158e-14
4.181103459428071158e-14
4.201261308814834502e-14
4.178530248569634994e-14
4.178530248569634994e-14
4.198611421567499931e-14
4.175978434479114467e-14
1.105062034462919809e-11
6.685153378405694002e-14
4.213455076168130926e-14
5.266891224368496310e-14
4.191128653403903896e-14
4.168627098104786234e-14
4.188532202466434365e-14
4.166127313123568321e-14
4.166127313123568321e-14
4.185859413121619957e-14
4.163588501946975837e-14
4.163588501946975837e-14
1.237466222757110946e-13
9.300412826701925933e-11
9.300412826701925933e-11
4.181103459428071158e-14
4.160875254906261655e-14
4.160875254906261655e-14
4.178530248569634994e-14
4.156420555877378376e-14
4.175978434479114467e-14
4.153885379884648046e-14
6.685153378405694002e-14
4.151363682081066148e-14
4.151363682081066148e-14
5.266891224368496310e-14
7.429689622120062257e-12
7.429689622120062257e-12
4.168627098104786234e-14
4.154461797661298208e-14
4.154461797661298208e-14
4.166127313123568321e-14
4.144203561388514234e-14
4.144203561388514234e-14
4.163588501946975837e-14
4.141785489667459138e-14
4.141785489667459138e-14
9.300412826701925933e-11
4.139177905009844435e-14
4.139177905009844435e-14
4.160875254906261655e-14
8.397239348128478217e-14
8.397239348128478217e-14
4.156420555877378376e-14
4.134355274906418038e-14
4.134355274906418038e-14
4.153885379884648046e-14
4.132275694787637218e-14
4.132275694787637218e-14
4.151363682081066148e-14
4.129846029954607139e-14
4.129846029954607139e-14
7.429689622120062257e-12
4.669653828495571147e-13
4.669653828495571147e-13
4.154461797661298208e-14
6.240829933675886967e-14
6.240829933675886967e-14
4.144203561388514234e-14
4.122665639484810790e-14
4.122665639484810790e-14
4.141785489667459138e-14
4.120489764966451077e-14
4.120489764966451077e-14
4.139177905009844435e-14
4.118073210381004526e-14
4.118073210381004526e-14
8.397239348128478217e-14
4.883923729287840009e-11
4.134355274906418038e-14
4.254774707078040680e-14
4.254774707078040680e-14
4.132275694787637218e-14
4.111301891776000130e-14
4.111301891776000130e-14
4.129846029954607139e-14
4.108833021941806598e-14
4.108833021941806598e-14
4.669653828495571147e-13
4.106432906288975271e-14
4.106432906288975271e-14
6.240829933675886967e-14
1.369698069218278139e-12
1.369698069218278139e-12
4.122665639484810790e-14
4.118351653645187615e-14
4.118351653645187615e-14
4.120489764966451077e-14
4.099685269156910023e-14
4.099685269156910023e-14
4.118073210381004526e-14
4.097354165168426151e-14
4.097354165168426151e-14
4.883923729287840009e-11
4.094980618726576727e-14
4.094980618726576727e-14
4.254774707078040680e-14
6.259693165647033445e-13
6.259693165647033445e-13
4.111301891776000130e-14
4.090259463732619801e-14
4.090259463732619801e-14
4.108833021941806598e-14
4.088276671255526611e-14
4.088276671255526611e-14
4.106432906288975271e-14
4.085996343852504073e-14
4.085996343852504073e-14
1.369698069218278139e-12
4.083688944627541782e-14
4.083688944627541782e-14
4.118351653645187615e-14
3.733434613191515937e-13
4.099685269156910023e-14
4.079556423565972894e-14
4.079556423565972894e-14
4.097354165168426151e-14
4.077056256297960251e-14
4.077056256297960251e-14
4.094980618726576727e-14
4.074763291670533831e-14
4.074763291670533831e-14
6.259693165647033445e-13
6.090851661346084048e-13
6.090851661346084048e-13
4.090259463732619801e-14
4.111945508419000265e-14
4.111945508419000265e-14
4.088276671255526611e-14
4.067968370564088569e-14
4.067968370564088569e-14
4.085996343852504073e-14
4.065931560159991463e-14
4.065931560159991463e-14
4.083688944627541782e-14
4.063651952222873359e-14
4.063651952222873359e-14
3.733434613191515937e-13
2.213936790630910444e-11
2.213936790630910444e-11
4.079556423565972894e-14
4.101335766073157535e-14
4.077056256297960251e-14
4.057212833798036102e-14
4.057212833798036102e-14
4.074763291670533831e-14
4.054951049269187700e-14
4.054951049269187700e-14
6.090851661346084048e-13
4.052675654940286748e-14
4.052675654940286748e-14
4.111945508419000265e-14
4.471784439127080060e-14
4.471784439127080060e-14
4.067968370564088569e-14
4.050952607013052896e-14
4.050952607013052896e-14
4.065931560159991463e-14
4.046297489196519566e-14
4.063651952222873359e-14
4.044085290193813370e-14
4.044085290193813370e-14
2.213936790630910444e-11
1.012203822600170905e-13
4.101335766073157535e-14
7.213636604917378365e-14
4.057212833798036102e-14
4.037775875125367218e-14
4.037775875125367218e-14
4.054951049269187700e-14
4.035558821327567411e-14
4.035558821327567411e-14
4.052675654940286748e-14
4.033356353690554080e-14
4.033356353690554080e-14
4.471784439127080060e-14
1.674100255506947707e-11
1.674100255506947707e-11
4.050952607013052896e-14
4.042505657606824904e-14
4.046297489196519566e-14
4.027094038313004181e-14
4.044085290193813370e-14
4.024929381890755052e-14
4.024929381890755052e-14
1.012203822600170905e-13
4.022731168275737236e-14
4.022731168275737236e-14
7.213636604917378365e-14
5.238632483318082478e-13
5.238632483318082478e-13
4.037775875125367218e-14
4.023901999136322308e-14
4.035558821327567411e-14
4.016566081905985709e-14
4.016566081905985709e-14
4.033356353690554080e-14
4.014421572009213081e-14
4.014421572009213081e-14
1.674100255506947707e-11
1.081968285974357907e-13
1.081968285974357907e-13
4.042505657606824904e-14
6.523359860791941157e-14
4.027094038313004181e-14
4.008089663285177868e-14
4.008089663285177868e-14
4.024929381890755052e-14
4.006167000384643926e-14
4.006167000384643926e-14
4.022731168275737236e-14
4.004034731610961530e-14
5.238632483318082478e-13
3.836279019326111835e-12
4.023901999136322308e-14
4.049624912104962464e-14
4.016566081905985709e-14
3.998016255822289788e-14
4.014421572009213081e-14
3.995877187898950816e-14
1.081968285974357907e-13
3.993746747008196715e-14
3.993746747008196715e-14
6.523359860791941157e-14
6.871682882028086863e-13
6.871682882028086863e-13
4.008089663285177868e-14
3.993911848528088646e-14
3.993911848528088646e-14
4.006167000384643926e-14
3.987824290418101367e-14
3.987824290418101367e-14
4.004034731610961530e-14
3.985758932327667438e-14
3.836279019326111835e-12
3.983651361058861514e-14
3.983651361058861514e-14
4.049624912104962464e-14
4.691109067287459009e-14
4.691109067287459009e-14
3.998016255822289788e-14
3.983218416861974778e-14
3.995877187898950816e-14
3.977784763460630369e-14
3.977784763460630369e-14
3.993746747008196715e-14
3.975747767886974428e-14
6.871682882028086863e-13
3.973723304597347178e-14
3.993911848528088646e-14
1.663805751546101464e-13
3.987824290418101367e-14
3.971301076534123466e-14
3.985758932327667438e-14
3.967849400368183556e-14
3.983651361058861514e-14
3.965828263928229899e-14
4.691109067287459009e-14
4.993097924675686699e-14
3.983218416861974778e-14
6.138040982922657221e-14
3.977784763460630369e-14
3.960501855200247317e-14
3.960501855200247317e-14
3.975747767886974428e-14
3.958015241310097712e-14
3.973723304597347178e-14
3.956002464340000253e-14
3.956002464340000253e-14
1.663805751546101464e-13
2.635921382596744681e-11
3.971301076534123466e-14
4.121615092705541302e-14
4.121615092705541302e-14
3.967849400368183556e-14
3.950170312880809108e-14
3.950170312880809108e-14
3.965828263928229899e-14
3.948278634482574560e-14
4.993097924675686699e-14
3.946269916125687298e-14
3.946269916125687298e-14
6.138040982922657221e-14
2.388631278787550185e-12
2.388631278787550185e-12
3.960501855200247317e-14
3.943857524385942118e-14
3.943857524385942118e-14
3.958015241310097712e-14
3.940633684684253794e-14
3.956002464340000253e-14
3.938665668798989794e-14
3.938665668798989794e-14
2.635921382596744681e-11
3.936693983354179368e-14
4.121615092705541302e-14
5.328783519769956963e-13
5.328783519769956963e-13
3.950170312880809108e-14
3.932770789126248255e-14
3.932770789126248255e-14
3.948278634482574560e-14
3.931115439354141809e-14
3.946269916125687298e-14
3.929177195001314590e-14
2.388631278787550185e-12
3.927260606515949791e-14
3.943857524385942118e-14
3.600527531340629284e-13
3.600527531340629284e-13
3.940633684684253794e-14
3.923348417654595153e-14
3.938665668798989794e-14
3.921707969356181062e-14
3.921707969356181062e-14
3.936693983354179368e-14
3.919791817927737075e-14
5.328783519769956963e-13
3.918052631068957008e-14
3.932770789126248255e-14
1.646021483462317252e-13
3.931115439354141809e-14
3.915642180208812845e-14
3.929177195001314590e-14
3.912396095110231937e-14
3.912396095110231937e-14
3.927260606515949791e-14
3.910497744282668931e-14
3.600527531340629284e-13
3.917433586081643063e-14
3.917433586081643063e-14
3.923348417654595153e-14
1.334836655089041846e-13
1.334836655089041846e-13
3.921707969356181062e-14
3.905511274274362588e-14
3.919791817927737075e-14
3.903186602451280233e-14
3.903186602451280233e-14
3.918052631068957008e-14
3.901303304445252565e-14
3.901303304445252565e-14
1.646021483462317252e-13
4.721816877121400613e-14
4.721816877121400613e-14
3.915642180208812845e-14
6.797487262985758970e-14
3.912396095110231937e-14
3.896188689282115425e-14
3.896188689282115425e-14
3.910497744282668931e-14
3.894070456493610645e-14
3.894070456493610645e-14
3.917433586081643063e-14
3.892204124894932864e-14
1.334836655089041846e-13
1.809844746768769193e-12
3.905511274274362588e-14
4.212083194379548097e-14
3.903186602451280233e-14
3.886728094686842552e-14
3.901303304445252565e-14
3.885046594843506989e-14
4.721816877121400613e-14
3.883196217531368069e-14
3.883196217531368069e-14
6.797487262985758970e-14
1.613270559413339279e-10
3.896188689282115425e-14
4.490987322468002974e-14
3.894070456493610645e-14
3.877991397652841835e-14
3.892204124894932864e-14
3.876106787641394614e-14
3.876106787641394614e-14
1.809844746768769193e-12
3.874270108725596195e-14
3.874270108725596195e-14
4.212083194379548097e-14
4.151118672527624589e-11
3.886728094686842552e-14
3.907118499248316439e-14
3.885046594843506989e-14
3.869078697394213267e-14
3.883196217531368069e-14
3.867257921027036030e-14
3.867257921027036030e-14
1.613270559413339279e-10
3.865432433368529364e-14
4.490987322468002974e-14
8.304239928838226814e-12
3.877991397652841835e-14
3.866564124991585208e-14
3.866564124991585208e-14
3.876106787641394614e-14
3.860272920790613614e-14
3.874270108725596195e-14
3.858503676602501679e-14
4.151118672527624589e-11
3.856693471372924020e-14
3.856693471372924020e-14
3.907118499248316439e-14
2.007868675765230973e-12
2.007868675765230973e-12
3.869078697394213267e-14
3.853206083537536512e-14
3.853206083537536512e-14
3.867257921027036030e-14
3.851593093839983047e-14
3.851593093839983047e-14
3.865432433368529364e-14
3.849822278515125040e-14
3.849822278515125040e-14
8.304239928838226814e-12
3.847830131507494598e-14
3.847830131507494598e-14
3.866564124991585208e-14
2.117379526604707810e-13
3.860272920790613614e-14
3.845592974284572277e-14
3.858503676602501679e-14
3.842976720363325764e-14
3.842976720363325764e-14
3.856693471372924020e-14
3.841214549505257918e-14
3.841214549505257918e-14
2.007868675765230973e-12
1.332528949537307761e-10
1.332528949537307761e-10
3.853206083537536512e-14
4.745484716850590899e-14
4.745484716850590899e-14
3.851593093839983047e-14
3.836220974873174661e-14
3.836220974873174661e-14
3.849822278515125040e-14
3.834453140212666373e-14
3.834453140212666373e-14
3.847830131507494598e-14
3.832704299450441148e-14
3.832704299450441148e-14
2.117379526604707810e-13
3.541467914920317003e-12
3.541467914920317003e-12
3.845592974284572277e-14
3.951828224705340580e-14
3.951828224705340580e-14
3.842976720363325764e-14
3.827731201405550708e-14
3.827731201405550708e-14
3.841214549505257918e-14
3.826011168217458471e-14
3.826011168217458471e-14
1.332528949537307761e-10
3.824269990917243244e-14
3.824269990917243244e-14
5.465981992306034961e-14
4.745484716850590899e-14
5.465981992306034961e-14
3.830032628663731430e-14
3.836220974873174661e-14
3.830032628663731430e-14
3.819356713781614037e-14
3.834453140212666373e-14
3.819356713781614037e-14
3.817642593288460492e-14
3.832704299450441148e-14
3.817642593288460492e-14
3.816398975882508276e-14
3.541467914920317003e-12
3.816398975882508276e-14
5.127520146429929151e-14
3.951828224705340580e-14
5.127520146429929151e-14
3.812516468779640422e-14
3.827731201405550708e-14
3.812516468779640422e-14
3.811042368024762092e-14
3.826011168217458471e-14
3.811042368024762092e-14
3.809340739777143988e-14
3.824269990917243244e-14
3.809340739777143988e-14
2.404656168442026061e-13
5.465981992306034961e-14
2.404656168442026061e-13
4.255592423261297307e-14
3.830032628663731430e-14
4.255592423261297307e-14
3.804552638394229158e-14
3.819356713781614037e-14
3.804552638394229158e-14
3.802813946061996302e-14
3.817642593288460492e-14
3.802813946061996302e-14
3.801122202102895668e-14
3.816398975882508276e-14
3.801122202102895668e-14
1.671619928160476030e-12
5.127520146429929151e-14
1.671619928160476030e-12
3.807421954872167430e-14
3.812516468779640422e-14
3.807421954872167430e-14
3.796315486117099766e-14
3.811042368024762092e-14
3.796315486117099766e-14
3.794659334478330836e-14
3.809340739777143988e-14
3.794659334478330836e-14
3.792901514862994864e-14
2.404656168442026061e-13
3.792901514862994864e-14
2.804967113559089322e-13
4.255592423261297307e-14
2.804967113559089322e-13
3.790963778850625405e-14
3.804552638394229158e-14
3.790963778850625405e-14
3.788247191880112241e-14
3.802813946061996302e-14
3.788247191880112241e-14
3.786596334369665099e-14
3.801122202102895668e-14
3.786596334369665099e-14
4.434094076501231304e-14
1.671619928160476030e-12
4.434094076501231304e-14
5.329218349064628759e-14
3.807421954872167430e-14
5.329218349064628759e-14
3.781708554781919655e-14
3.796315486117099766e-14
3.781708554781919655e-14
3.780242390839133072e-14
3.794659334478330836e-14
3.780242390839133072e-14
3.778603569242388690e-14
3.792901514862994864e-14
3.778603569242388690e-14
8.387049080782268831e-11
2.804967113559089322e-13
8.387049080782268831e-11
3.943635766786853072e-14
3.790963778850625405e-14
3.943635766786853072e-14
3.773821953992613165e-14
3.788247191880112241e-14
3.773821953992613165e-14
3.772329574685243614e-14
3.786596334369665099e-14
3.772329574685243614e-14
3.770703518381886139e-14
4.434094076501231304e-14
3.770703518381886139e-14
7.270018653890066866e-11
5.329218349064628759e-14
7.270018653890066866e-11
3.996031833798182596e-14
3.781708554781919655e-14
3.996031833798182596e-14
3.766016654421806981e-14
3.780242390839133072e-14
3.766016654421806981e-14
3.764475798638807840e-14
3.778603569242388690e-14
3.764475798638807840e-14
3.762857558637977745e-14
8.387049080782268831e-11
3.762857558637977745e-14
5.138014137130626900e-13
3.943635766786853072e-14
5.138014137130626900e-13
3.772686785072083706e-14
3.773821953992613165e-14
3.772686785072083706e-14
3.758287948629892962e-14
3.772329574685243614e-14
3.758287948629892962e-14
3.756682867437529014e-14
3.770703518381886139e-14
3.756682867437529014e-14
3.755038224226582525e-14
7.270018653890066866e-11
3.755038224226582525e-14
4.819031750798509990e-14
3.996031833798182596e-14
4.819031750798509990e-14
3.754572028332664121e-14
3.766016654421806981e-14
3.754572028332664121e-14
3.750532627506638646e-14
3.764475798638807840e-14
3.750532627506638646e-14
3.748948836778308826e-14
3.762857558637977745e-14
3.748948836778308826e-14
5.970506780980017752e-13
5.138014137130626900e-13
5.970506780980017752e-13
3.753600134186247605e-14
3.772686785072083706e-14
3.753600134186247605e-14
3.744721429658640377e-14
3.758287948629892962e-14
3.742886994816092022e-14
3.756682867437529014e-14
3.742886994816092022e-14
3.755038224226582525e-14
3.741321717665440922e-14
2.385637511705317830e-12
4.819031750798509990e-14
4.670079287856356790e-14
2.385637511705317830e-12
3.754572028332664121e-14
3.737046702132236807e-14
4.670079287856356790e-14
3.750532627506638646e-14
3.735305861458695147e-14
3.737046702132236807e-14
3.748948836778308826e-14
3.733753257314272978e-14
3.735305861458695147e-14
5.970506780980017752e-13
2.228246318632333349e-10
3.733753257314272978e-14
3.753600134186247605e-14
4.437386819793058641e-14
2.228246318632333349e-10
3.744721429658640377e-14
3.729294150297222774e-14
4.437386819793058641e-14
3.742886994816092022e-14
3.729294150297222774e-14
3.727791933639417264e-14
3.741321717665440922e-14
3.726246690837038651e-14
3.727791933639417264e-14
2.385637511705317830e-12
1.122571923319949389e-10
3.726246690837038651e-14
4.670079287856356790e-14
3.913545857534937917e-14
1.122571923319949389e-10
3.737046702132236807e-14
3.913545857534937917e-14
3.735305861458695147e-14
3.720365700087883493e-14
3.733753257314272978e-14
3.720365700087883493e-14
2.228246318632333349e-10
1.102241136485857504e-10
4.437386819793058641e-14
1.102241136485857504e-10
4.319831541189971616e-14
3.729294150297222774e-14
4.319831541189971616e-14
3.714578558812949845e-14
3.727791933639417264e-14
3.714578558812949845e-14
3.712989619138772941e-14
3.726246690837038651e-14
3.711476018424162028e-14
3.712989619138772941e-14
1.122571923319949389e-10
3.416845127586300065e-10
3.711476018424162028e-14
3.913545857534937917e-14
4.503352750116691222e-14
3.721952586643457266e-14
3.707048837082374641e-14
4.503352750116691222e-14
3.720365700087883493e-14
3.705678422825410118e-14
3.707048837082374641e-14
3.718840514059134004e-14
3.705678422825410118e-14
3.704176671480206593e-14
1.102241136485857504e-10
8.669453149694028983e-12
3.704176671480206593e-14
4.319831541189971616e-14
8.669453149694028983e-12
3.714578558812949845e-14
3.699811992442007382e-14
3.712989619138772941e-14
3.698416009058103493e-14
3.699811992442007382e-14
3.711476018424162028e-14
3.698416009058103493e-14
3.416845127586300065e-10
1.031511559298162863e-11
3.696923491073852499e-14
4.503352750116691222e-14
1.031511559298162863e-11
3.734854862092756719e-14
3.707048837082374641e-14
3.692715537930410275e-14
3.734854862092756719e-14
3.705678422825410118e-14
3.691205877442491402e-14
3.692715537930410275e-14
3.704176671480206593e-14
3.689718201556646779e-14
3.691205877442491402e-14
8.669453149694028983e-12
8.529464201815942445e-13
3.762418630596615698e-14
3.696913155101012632e-14
8.529464201815942445e-13
3.699811992442007382e-14
3.685493948627230502e-14
3.696913155101012632e-14
3.698416009058103493e-14
3.684048056275217096e-14
3.685493948627230502e-14
3.696923491073852499e-14
3.684048056275217096e-14
3.685019256328611575e-14
1.031511559298162863e-11
1.507677388135512050e-13
3.685019256328611575e-14
3.734854862092756719e-14
3.680419650163945827e-14
1.507677388135512050e-13
3.692715537930410275e-14
3.678407134599015329e-14
3.680419650163945827e-14
3.691205877442491402e-14
3.676952810392592455e-14
3.678407134599015329e-14
3.689718201556646779e-14
1.866495087015654786e-10
3.676952810392592455e-14
8.529464201815942445e-13
3.802206052923261337e-14
1.866495087015654786e-10
3.696913155101012632e-14
3.802206052923261337e-14
3.672794469408854708e-14
3.685493948627230502e-14
3.672794469408854708e-14
3.671353839638234945e-14
3.684048056275217096e-14
3.669904571422920382e-14
3.671353839638234945e-14
3.685019256328611575e-14
3.805262831990015751e-13
3.669904571422920382e-14
3.689426955672495476e-14
1.507677388135512050e-13
3.805262831990015751e-13
3.665799687275699417e-14
3.680419650163945827e-14
3.689426955672495476e-14
3.664352967099581947e-14
3.678407134599015329e-14
3.665799687275699417e-14
3.663014589506994729e-14
3.676952810392592455e-14
3.664352967099581947e-14
4.677174123355510855e-14
1.866495087015654786e-10
3.663014589506994729e-14
3.660637150733628789e-14
3.802206052923261337e-14
4.677174123355510855e-14
3.658851370999006936e-14
3.672794469408854708e-14
3.660637150733628789e-14
3.657436212935031721e-14
3.671353839638234945e-14
3.658851370999006936e-14
3.655873454636043551e-14
3.669904571422920382e-14
3.657436212935031721e-14
2.031461043307089116e-13
3.805262831990015751e-13
3.655873454636043551e-14
3.653228536751133978e-14
3.689426955672495476e-14
2.031461043307089116e-13
3.651995965561572208e-14
3.665799687275699417e-14
3.653228536751133978e-14
3.650595567347022246e-14
3.664352967099581947e-14
3.651995965561572208e-14
3.649210441622374245e-14
3.663014589506994729e-14
3.650595567347022246e-14
2.160406213180038808e-13
4.677174123355510855e-14
3.649210441622374245e-14
3.646722335360523116e-14
3.660637150733628789e-14
2.160406213180038808e-13
3.645188161853404154e-14
3.658851370999006936e-14
3.646722335360523116e-14
3.643796264451761834e-14
3.657436212935031721e-14
3.645188161853404154e-14
3.642393983837846960e-14
3.655873454636043551e-14
3.643796264451761834e-14
4.119272408184756623e-13
2.031461043307089116e-13
3.642393983837846960e-14
3.639728452131179170e-14
3.653228536751133978e-14
4.119272408184756623e-13
3.638446909821235157e-14
3.651995965561572208e-14
3.639728452131179170e-14
3.637085248989613866e-14
3.650595567347022246e-14
3.638446909821235157e-14
3.635692058111882389e-14
3.649210441622374245e-14
3.637085248989613866e-14
9.421895081559199001e-12
2.160406213180038808e-13
3.635692058111882389e-14
3.658091532319025415e-14
3.646722335360523116e-14
9.421895081559199001e-12
3.631781878849587572e-14
3.645188161853404154e-14
3.658091532319025415e-14
3.630405785597561552e-14
3.643796264451761834e-14
3.631781878849587572e-14
3.629025634814535213e-14
3.642393983837846960e-14
3.630405785597561552e-14
1.659798974670501398e-11
4.119272408184756623e-13
3.629025634814535213e-14
3.678412263630833741e-14
3.639728452131179170e-14
1.659798974670501398e-11
3.625147220483577115e-14
3.638446909821235157e-14
3.678412263630833741e-14
3.623770366312698671e-14
3.637085248989613866e-14
3.625147220483577115e-14
3.622400588188818024e-14
3.635692058111882389e-14
3.623770366312698671e-14
8.722365354887728110e-12
9.421895081559199001e-12
3.622400588188818024e-14
3.639035569194131798e-14
3.658091532319025415e-14
8.722365354887728110e-12
3.618512808022875221e-14
3.631781878849587572e-14
3.639035569194131798e-14
3.617175007181682960e-14
3.630405785597561552e-14
3.618512808022875221e-14
3.615811337798210282e-14
3.629025634814535213e-14
3.617175007181682960e-14
1.418596497958793941e-12
1.659798974670501398e-11
3.615811337798210282e-14
3.618343987759080237e-14
3.678412263630833741e-14
1.418596497958793941e-12
3.611949641121000136e-14
3.625147220483577115e-14
3.618343987759080237e-14
3.610628418522602709e-14
3.623770366312698671e-14
3.611949641121000136e-14
3.609284791967504525e-14
3.622400588188818024e-14
3.610628418522602709e-14
5.747806911144199031e-13
8.722365354887728110e-12
3.609284791967504525e-14
3.607646593676538454e-14
3.639035569194131798e-14
5.747806911144199031e-13
3.605450312065829995e-14
3.618512808022875221e-14
3.607646593676538454e-14
3.604123163770579943e-14
3.617175007181682960e-14
3.605450312065829995e-14
4.475225333028297546e-14
3.615811337798210282e-14
3.604123163770579943e-14
7.504816740335691370e-14
1.418596497958793941e-12
4.475225333028297546e-14
3.618343987759080237e-14
7.504816740335691370e-14
3.598982847357548443e-14
3.611949641121000136e-14
3.600175960902933028e-14
3.597657354370422903e-14
3.610628418522602709e-14
1.590488608500991924e-12
3.598982847357548443e-14
3.609284791967504525e-14
3.598537217546199564e-14
3.597657354370422903e-14
5.747806911144199031e-13
3.593839930413450570e-14
1.590488608500991924e-12
3.607646593676538454e-14
3.598537217546199564e-14
3.605450312065829995e-14
3.591231007099174723e-14
3.604123163770579943e-14
8.716579821633034374e-14
3.592556740565904300e-14
4.475225333028297546e-14
3.591231007099174723e-14
3.590543234010115774e-14
7.504816740335691370e-14
8.716579821633034374e-14
3.587506028007831217e-14
3.600175960902933028e-14
3.586204057293826859e-14
3.590543234010115774e-14
3.598982847357548443e-14
3.584876669249435249e-14
3.587506028007831217e-14
3.597657354370422903e-14
6.155607546412338616e-13
3.586204057293826859e-14
1.590488608500991924e-12
3.584876669249435249e-14
3.598537217546199564e-14
6.155607546412338616e-13
3.593839930413450570e-14
3.583437925648035592e-14
3.592556740565904300e-14
3.581172932886702254e-14
3.578465037718324802e-14
3.591231007099174723e-14
3.579890534578339273e-14
1.501388268891302772e-13
8.716579821633034374e-14
3.576188084969935354e-14
3.578465037718324802e-14
3.590543234010115774e-14
3.574927385547636914e-14
1.501388268891302772e-13
3.587506028007831217e-14
3.573649687563874202e-14
3.586204057293826859e-14
3.572362329160530736e-14
3.574927385547636914e-14
3.584876669249435249e-14
5.027670746888820590e-13
3.573649687563874202e-14
6.155607546412338616e-13
3.572362329160530736e-14
3.569884868533762310e-14
3.583437925648035592e-14
5.027670746888820590e-13
3.568717981739803721e-14
3.581172932886702254e-14
3.569884868533762310e-14
3.567447246003368791e-14
3.579890534578339273e-14
3.566145187431024936e-14
3.568717981739803721e-14
3.578465037718324802e-14
2.595320696076033688e-13
3.567447246003368791e-14
1.501388268891302772e-13
3.564424046412213612e-14
3.566145187431024936e-14
3.576188084969935354e-14
3.562544962421077303e-14
2.595320696076033688e-13
3.574927385547636914e-14
3.564424046412213612e-14
3.561281359301045009e-14
3.573649687563874202e-14
3.562544962421077303e-14
3.559895198048566419e-14
3.572362329160530736e-14
3.561281359301045009e-14
2.550995173198853169e-13
5.027670746888820590e-13
3.557777287973937471e-14
3.559895198048566419e-14
3.569884868533762310e-14
3.556410797823657159e-14
2.550995173198853169e-13
3.568717981739803721e-14
3.555159307675215331e-14
3.557777287973937471e-14
3.567447246003368791e-14
3.624132676583890836e-14
3.556410797823657159e-14
3.566145187431024936e-14
3.648089980384220232e-14
3.555159307675215331e-14
2.595320696076033688e-13
3.551432756195931771e-14
3.624132676583890836e-14
3.564424046412213612e-14
3.648089980384220232e-14
3.550321253424189524e-14
3.562544962421077303e-14
3.551432756195931771e-14
3.549071982105051838e-14
3.561281359301045009e-14
2.972896098205463031e-10
3.550321253424189524e-14
3.559895198048566419e-14
3.737878966439406979e-14
3.549071982105051838e-14
2.550995173198853169e-13
3.545549856523708093e-14
2.972896098205463031e-10
3.557777287973937471e-14
3.544266182786726130e-14
3.737878966439406979e-14
3.556410797823657159e-14
3.543020037410277767e-14
3.555159307675215331e-14
3.544266182786726130e-14
3.624132676583890836e-14
3.543020037410277767e-14
3.541504327362654494e-14
3.648089980384220232e-14
8.598969266227809429e-12
3.539449203606475181e-14
3.551432756195931771e-14
3.538247015476955560e-14
3.541504327362654494e-14
3.550321253424189524e-14
3.536976902840971068e-14
3.539449203606475181e-14
3.549071982105051838e-14
3.933692779259582074e-13
3.538247015476955560e-14
2.972896098205463031e-10
3.534865677628806330e-14
3.536976902840971068e-14
3.737878966439406979e-14
3.533505612618377121e-14
3.933692779259582074e-13
3.545549856523708093e-14
3.532284227301285137e-14
3.534865677628806330e-14
3.544266182786726130e-14
3.533505612618377121e-14
3.562950343397907575e-14
3.543020037410277767e-14
3.532284227301285137e-14
9.615714047931797088e-14
8.598969266227809429e-12
3.528701000174800440e-14
3.562950343397907575e-14
3.541504327362654494e-14
3.527572981266479052e-14
9.615714047931797088e-14
3.539449203606475181e-14
3.526361257654996007e-14
3.528701000174800440e-14
3.538247015476955560e-14
2.578508516854268780e-10
3.527572981266479052e-14
3.536976902840971068e-14
4.417552451369689288e-14
3.526361257654996007e-14
3.933692779259582074e-13
2.578508516854268780e-10
3.522801126825561876e-14
3.534865677628806330e-14
4.417552451369689288e-14
3.521684428338249097e-14
3.533505612618377121e-14
3.520473879887074525e-14
3.522801126825561876e-14
3.532284227301285137e-14
2.652693571107968646e-11
3.521684428338249097e-14
3.562950343397907575e-14
3.586753518396978309e-14
3.520473879887074525e-14
9.615714047931797088e-14
3.517065752296988924e-14
2.652693571107968646e-11
3.528701000174800440e-14
3.515850680419005918e-14
3.586753518396978309e-14
3.527572981266479052e-14
3.514647654351913429e-14
3.517065752296988924e-14
3.526361257654996007e-14
3.515850680419005918e-14
9.180086178341432967e-12
2.578508516854268780e-10
3.514647654351913429e-14
3.557985205913782209e-14
4.417552451369689288e-14
3.511269708460020305e-14
9.180086178341432967e-12
3.510064155040628513e-14
3.522801126825561876e-14
3.557985205913782209e-14
3.508870426449537911e-14
3.521684428338249097e-14
3.511269708460020305e-14
1.939599906075599218e-13
3.520473879887074525e-14
3.510064155040628513e-14
3.564515270732931624e-14
2.652693571107968646e-11
3.508870426449537911e-14
3.505490379723070086e-14
3.586753518396978309e-14
1.939599906075599218e-13
3.504307060097712490e-14
3.517065752296988924e-14
3.564515270732931624e-14
3.503118755469164534e-14
3.515850680419005918e-14
3.505490379723070086e-14
9.432178883537865922e-12
3.514647654351913429e-14
3.504307060097712490e-14
3.533593860788309640e-14
9.180086178341432967e-12
3.503118755469164534e-14
3.499744257668054796e-14
3.557985205913782209e-14
9.432178883537865922e-12
3.498604534878254608e-14
3.511269708460020305e-14
3.533593860788309640e-14
3.497426790184688097e-14
3.510064155040628513e-14
3.499744257668054796e-14
1.889384354562546445e-11
3.508870426449537911e-14
3.498604534878254608e-14
3.557802932595488983e-14
1.939599906075599218e-13
3.497426790184688097e-14
3.494060909413015676e-14
3.564515270732931624e-14
1.889384354562546445e-11
3.492937107592897486e-14
3.505490379723070086e-14
3.557802932595488983e-14
3.491767804172408331e-14
3.504307060097712490e-14
3.494060909413015676e-14
1.928214974867062911e-11
3.503118755469164534e-14
3.492937107592897486e-14
3.515247587722457550e-14
9.432178883537865922e-12
3.491767804172408331e-14
3.488441405049499212e-14
3.533593860788309640e-14
1.928214974867062911e-11
3.487303221092621952e-14
3.499744257668054796e-14
3.515247587722457550e-14
3.486140266239296138e-14
3.498604534878254608e-14
3.488441405049499212e-14
7.439606913935306469e-12
3.497426790184688097e-14
3.487303221092621952e-14
3.502071523082135339e-14
1.889384354562546445e-11
3.486140266239296138e-14
3.482821477382725602e-14
3.557802932595488983e-14
7.439606913935306469e-12
3.481697535466868753e-14
3.494060909413015676e-14
3.502071523082135339e-14
3.480532023182503017e-14
3.492937107592897486e-14
3.482821477382725602e-14
3.585651042676885294e-13
3.491767804172408331e-14
3.481697535466868753e-14
3.479312602777942887e-14
1.928214974867062911e-11
3.480532023182503017e-14
3.477260365335625880e-14
3.515247587722457550e-14
3.585651042676885294e-13
3.476121499180180146e-14
3.488441405049499212e-14
3.479312602777942887e-14
5.167641161522164191e-14
3.487303221092621952e-14
3.477260365335625880e-14
3.882990588331705426e-14
3.486140266239296138e-14
3.476121499180180146e-14
3.472742067488252486e-14
7.439606913935306469e-12
5.167641161522164191e-14
3.471717070115999544e-14
3.502071523082135339e-14
3.882990588331705426e-14
3.470579099763864119e-14
3.482821477382725602e-14
3.472742067488252486e-14
3.491533248354502618e-14
3.481697535466868753e-14
3.471717070115999544e-14
3.480723587031305739e-14
3.480532023182503017e-14
3.470579099763864119e-14
3.467333789188582788e-14
3.585651042676885294e-13
3.491533248354502618e-14
3.466220452160097886e-14
3.479312602777942887e-14
3.480723587031305739e-14
3.465088600018076355e-14
3.477260365335625880e-14
3.467333789188582788e-14
2.740773574380888802e-11
3.476121499180180146e-14
3.466220452160097886e-14
3.513386633281576068e-14
5.167641161522164191e-14
3.465088600018076355e-14
3.461871902873571509e-14
3.882990588331705426e-14
2.740773574380888802e-11
3.460772368332402315e-14
3.472742067488252486e-14
3.513386633281576068e-14
3.459649296434548693e-14
3.471717070115999544e-14
3.461871902873571509e-14
2.764814207980572605e-11
3.470579099763864119e-14
3.460772368332402315e-14
3.465887484705409025e-14
3.491533248354502618e-14
3.459649296434548693e-14
3.456426716656761571e-14
3.480723587031305739e-14
2.764814207980572605e-11
3.455351012078727771e-14
3.467333789188582788e-14
3.465887484705409025e-14
3.454232232931610213e-14
3.466220452160097886e-14
3.456426716656761571e-14
2.860305204425231507e-13
3.465088600018076355e-14
3.455351012078727771e-14
3.454526663581686821e-14
2.740773574380888802e-11
3.454232232931610213e-14
3.451062535652079889e-14
3.513386633281576068e-14
2.860305204425231507e-13
3.449962243568723102e-14
3.461871902873571509e-14
3.454526663581686821e-14
3.448847167942473482e-14
3.460772368332402315e-14
3.451062535652079889e-14
3.651982431926315011e-12
3.459649296434548693e-14
3.449962243568723102e-14
3.457263359329557571e-14
2.764814207980572605e-11
3.448847167942473482e-14
3.445742582503121469e-14
3.465887484705409025e-14
3.651982431926315011e-12
3.444653156318311743e-14
3.456426716656761571e-14
3.457263359329557571e-14
3.443557493339321525e-14
3.455351012078727771e-14
3.445742582503121469e-14
1.813883400465007382e-10
3.454232232931610213e-14
4.532586328136420663e-14
3.444653156318311743e-14
2.860305204425231507e-13
3.440372620010558916e-14
3.443557493339321525e-14
3.454526663581686821e-14
1.813883400465007382e-10
3.451062535652079889e-14
4.532586328136420663e-14
3.438274710596894618e-14
3.449962243568723102e-14
4.056489950307785542e-14
3.440372620010558916e-14
3.448847167942473482e-14
3.439360143981796319e-14
8.232970287649019153e-14
3.651982431926315011e-12
3.438274710596894618e-14
3.435074706478757282e-14
3.457263359329557571e-14
3.434093848840871149e-14
4.056489950307785542e-14
3.445742582503121469e-14
3.433016330961260727e-14
8.232970287649019153e-14
3.444653156318311743e-14
3.455523046447116613e-14
3.435074706478757282e-14
3.443557493339321525e-14
7.350385566621394493e-14
3.434093848840871149e-14
1.813883400465007382e-10
3.430286791429375649e-14
3.433016330961260727e-14
4.532586328136420663e-14
3.428861308417128376e-14
3.455523046447116613e-14
3.440372620010558916e-14
7.350385566621394493e-14
3.427788861232339100e-14
3.439360143981796319e-14
3.430286791429375649e-14
3.438274710596894618e-14
3.436440927570784524e-14
3.428861308417128376e-14
4.056489950307785542e-14
3.425230474098973407e-14
3.427788861232339100e-14
3.423652261558519906e-14
8.232970287649019153e-14
3.470763716647301452e-14
3.422583840868212217e-14
3.435074706478757282e-14
3.436440927570784524e-14
3.009924908424590246e-13
3.434093848840871149e-14
3.425230474098973407e-14
4.376486625866509491e-14
3.433016330961260727e-14
3.423652261558519906e-14
3.455523046447116613e-14
3.419438443453063494e-14
3.422583840868212217e-14
3.418480748336749405e-14
7.350385566621394493e-14
3.009924908424590246e-13
3.417422435354952006e-14
3.430286791429375649e-14
4.376486625866509491e-14
3.524695158012244426e-13
3.428861308417128376e-14
3.419438443453063494e-14
5.859940569612490122e-14
3.427788861232339100e-14
3.418480748336749405e-14
3.414292383630898682e-14
3.417422435354952006e-14
3.470763716647301452e-14
3.413339889699190203e-14
3.524695158012244426e-13
3.436440927570784524e-14
3.412283811592332862e-14
5.859940569612490122e-14
3.425230474098973407e-14
1.330837647429815319e-10
3.414292383630898682e-14
3.423652261558519906e-14
4.024484795081161200e-14
3.413339889699190203e-14
3.422583840868212217e-14
3.409234051655201325e-14
3.009924908424590246e-13
3.412283811592332862e-14
3.408228337805740230e-14
4.376486625866509491e-14
1.330837647429815319e-10
3.407178161051958140e-14
4.024484795081161200e-14
3.419438443453063494e-14
6.393848987830067283e-11
3.409234051655201325e-14
3.418480748336749405e-14
3.580431387334494448e-14
3.408228337805740230e-14
3.417422435354952006e-14
3.404141608385349400e-14
3.407178161051958140e-14
3.524695158012244426e-13
3.403151226952000206e-14
6.393848987830067283e-11
5.859940569612490122e-14
3.402105466681146607e-14
3.580431387334494448e-14
3.414292383630898682e-14
1.430275190463801513e-11
3.404141608385349400e-14
3.413339889699190203e-14
3.408917060461795466e-14
3.403151226952000206e-14
3.412283811592332862e-14
3.399132519893841110e-14
3.402105466681146607e-14
1.330837647429815319e-10
3.398099401317331611e-14
1.430275190463801513e-11
4.024484795081161200e-14
3.397055545287535892e-14
3.408917060461795466e-14
3.409234051655201325e-14
2.496248524654768768e-12
3.399132519893841110e-14
3.408228337805740230e-14
3.398099401317331611e-14
3.407178161051958140e-14
3.397055545287535892e-14
6.393848987830067283e-11
3.393091409845199914e-14
2.496248524654768768e-12
3.580431387334494448e-14
3.392053692642242599e-14
3.398518043104227506e-14
3.404141608385349400e-14
1.406003837615703363e-12
3.394117836704344965e-14
3.403151226952000206e-14
3.390197840368287899e-14
3.393091409845199914e-14
3.402105466681146607e-14
3.389128817891995443e-14
3.392053692642242599e-14
1.430275190463801513e-11
1.406003837615703363e-12
3.388106894703924876e-14
3.408917060461795466e-14
3.390197840368287899e-14
3.387160311694796681e-14
3.399132519893841110e-14
3.389128817891995443e-14
3.214849971186140467e-13
3.398099401317331611e-14
3.385109572436760152e-14
3.388106894703924876e-14
3.397055545287535892e-14
3.384160268758893600e-14
3.387160311694796681e-14
2.496248524654768768e-12
3.383147334835814150e-14
3.214849971186140467e-13
3.398518043104227506e-14
6.534876758045882887e-13
3.385109572436760152e-14
3.394117836704344965e-14
3.384160268758893600e-14
3.828787868481110833e-14
3.393091409845199914e-14
3.380458015315391237e-14
3.392053692642242599e-14
3.379225853300523430e-14
1.406003837615703363e-12
3.378211153076150866e-14
3.828787868481110833e-14
3.390197840368287899e-14
8.470382807746269063e-12
3.380458015315391237e-14
3.389128817891995443e-14
3.379225853300523430e-14
3.388106894703924876e-14
3.375296195552661411e-14
3.378211153076150866e-14
3.387160311694796681e-14
8.470382807746269063e-12
3.214849971186140467e-13
3.429599154772313946e-14
3.373300487602965714e-14
3.385109572436760152e-14
3.375296195552661411e-14
8.981575482302660688e-14
3.384160268758893600e-14
3.371346985687606581e-14
3.383147334835814150e-14
3.370427920143359734e-14
3.373300487602965714e-14
6.534876758045882887e-13
3.369437207152240344e-14
8.981575482302660688e-14
3.828787868481110833e-14
3.369437206799630247e-14
3.371346985687606581e-14
3.380458015315391237e-14
3.369437206827971180e-14
3.370427920143359734e-14
3.379225853300523430e-14
3.369437205945135484e-14
3.369437207152240344e-14
3.378211153076150866e-14
3.369437205509928495e-14
3.369437206799630247e-14
8.470382807746269063e-12
3.369437205474261885e-14
3.369437206827971180e-14
3.429599154772313946e-14
3.369437205204869673e-14
3.369437205945135484e-14
3.375296195552661411e-14
3.369437204750424575e-14
3.369437205509928495e-14
3.374316507779883324e-14
3.369437204185667063e-14
3.369437205474261885e-14
3.373300487602965714e-14
3.369437203799883157e-14
3.369437205204869673e-14
8.981575482302660688e-14
3.369437203596180969e-14
3.369437204750424575e-14
3.371346985687606581e-14
3.369437203588996655e-14
3.369437204185667063e-14
3.370427920143359734e-14
3.369437203799883157e-14
3.369437203059893131e-14
3.369437207152240344e-14
3.369437202654779609e-14
3.369437203596180969e-14
3.369437206799630247e-14
3.369437203588996655e-14
3.369437206827971180e-14
3.369437202098518443e-14
3.369437203059893131e-14
3.369437205945135484e-14
3.369437201583615047e-14
3.369437202654779609e-14
3.369437205509928495e-14
3.369437201417814786e-14
3.369437202157375040e-14
3.369437205474261885e-14
3.369437201016061180e-14
3.369437202098518443e-14
3.369437205204869673e-14
3.369437201583615047e-14
3.369437200361790674e-14
3.369437204750424575e-14
3.369437201417814786e-14
3.369437199866037033e-14
3.369437204185667063e-14
3.369437201016061180e-14
3.369437203799883157e-14
3.369437199738967318e-14
3.369437200361790674e-14
3.369437203596180969e-14
3.369437199081362139e-14
3.369437199866037033e-14
3.369437203588996655e-14
3.369437198690810989e-14
3.369437199451382711e-14
3.369437203059893131e-14
3.369437198720437449e-14
3.369437199738967318e-14
3.369437202654779609e-14
3.369437199081362139e-14
3.369437198135536215e-14
3.369437202157375040e-14
3.369437198690810989e-14
3.369437197580361154e-14
3.369437202098518443e-14
3.369437198720437449e-14
3.369437197393752636e-14
3.369437201583615047e-14
3.369437198135536215e-14
3.369437196859658462e-14
3.369437201417814786e-14
3.369437196601361420e-14
3.369437197580361154e-14
3.369437201016061180e-14
3.369437196289181392e-14
3.369437197393752636e-14
3.369437196043789484e-14
3.369437200361790674e-14
3.369437196859658462e-14
3.369437196601361420e-14
3.369437199866037033e-14
3.369437196289181392e-14
3.369437199451382711e-14
3.369437195626784356e-14
3.369437196043789484e-14
3.369437199738967318e-14
3.369437195172450331e-14
3.369437195600276106e-14
3.369437199081362139e-14
3.369437194709323977e-14
3.369437195626784356e-14
3.369437198690810989e-14
3.369437194343594809e-14
3.369437198720437449e-14
3.369437195172450331e-14
3.369437194132288003e-14
3.369437198135536215e-14
3.369437194709323977e-14
3.369437193621898152e-14
3.369437193239374451e-14
3.369437194343594809e-14
3.369437197580361154e-14
3.369437193168487410e-14
3.369437197393752636e-14
3.369437192546406215e-14
3.369437196859658462e-14
3.369437193239374451e-14
3.369437196601361420e-14
3.369437192205637868e-14
3.369437193168487410e-14
3.369437196289181392e-14
3.369437191625418050e-14
3.369437192546406215e-14
3.369437196043789484e-14
3.369437191555205643e-14
3.369437195600276106e-14
3.369437192205637868e-14
3.369437191275058416e-14
3.369437195626784356e-14
3.369437191625418050e-14
3.369437190830876084e-14
3.369437191555205643e-14
3.369437190630791297e-14
3.369437195172450331e-14
3.369437190305037182e-14
3.369437194709323977e-14
3.369437190830876084e-14
3.369437194343594809e-14
3.369437190630791297e-14
3.369437194132288003e-14
3.369437189584879751e-14
3.369437190305037182e-14
3.369437193621898152e-14
3.369437188773116636e-14
3.369437189629955263e-14
3.369437188521793755e-14
3.369437193239374451e-14
3.369437188586399570e-14
3.369437193168487410e-14
3.369437189584879751e-14
3.369437188095960959e-14
3.369437188773116636e-14
3.369437192546406215e-14
3.369437187703936848e-14
3.369437188521793755e-14
3.369437192205637868e-14
3.369437187295648949e-14
3.369437188586399570e-14
3.369437191625418050e-14
3.369437188095960959e-14
3.369437186883565051e-14
3.369437191555205643e-14
3.369437187703936848e-14
3.369437186777191260e-14
3.369437191275058416e-14
3.369437187295648949e-14
3.369437186555981410e-14
3.369437190830876084e-14
3.369437185774137580e-14
3.369437186883565051e-14
3.369437190630791297e-14
3.369437185694330731e-14
3.369437186777191260e-14
3.369437190305037182e-14
3.369437185514892643e-14
3.369437186555981410e-14
3.369437189629955263e-14
3.369437184816748217e-14
3.369437185774137580e-14
3.369437189584879751e-14
3.369437184454750045e-14
3.369437185694330731e-14
3.369437188773116636e-14
3.369437185514892643e-14
3.369437184121458206e-14
3.369437188521793755e-14
3.369437184816748217e-14
3.369437183724685152e-14
3.369437188586399570e-14
3.369437183817371260e-14
3.369437188095960959e-14
3.369437183156119650e-14
3.369437184121458206e-14
3.369437187703936848e-14
3.369437182845753371e-14
3.369437183724685152e-14
3.369437187295648949e-14
3.369437182337049159e-14
3.369437183817371260e-14
3.369437186883565051e-14
3.369437182119386027e-14
3.369437183156119650e-14
3.369437186777191260e-14
3.369437182131757890e-14
3.369437182845753371e-14
3.369437186555981410e-14
3.369437182337049159e-14
3.369437181088865472e-14
3.369437185774137580e-14
3.369437182119386027e-14
3.369437180995590558e-14
3.369437185694330731e-14
3.369437180766875801e-14
3.369437185514892643e-14
3.369437180357341502e-14
3.369437181088865472e-14
3.369437184816748217e-14
3.369437180190559267e-14
3.369437180995590558e-14
3.369437184454750045e-14
3.369437179702343350e-14
3.369437180766875801e-14
3.369437184121458206e-14
3.369437179417635245e-14
3.369437180357341502e-14
3.369437183724685152e-14
