1.288309010393611657e-12
7.184417633171304730e-13
7.184417633171304730e-13
4.031936308981153253e-13
4.031936308981153253e-13
7.184417633171304730e-13
3.470152722630958531e-13
3.470152722630958531e-13
4.031936308981153253e-13
3.064545451617504938e-13
3.064545451617504938e-13
3.470152722630958531e-13
2.799430176516328306e-13
2.799430176516328306e-13
3.064545451617504938e-13
2.637276500457415981e-13
2.637276500457415981e-13
2.799430176516328306e-13
2.542069579320570780e-13
2.542069579320570780e-13
2.637276500457415981e-13
2.486974851655871624e-13
2.486974851655871624e-13
2.542069579320570780e-13
2.454523613376024549e-13
2.454523613376024549e-13
2.486974851655871624e-13
2.434285905491804938e-13
2.434285905491804938e-13
2.454523613376024549e-13
2.420386986654674251e-13
2.420386986654674251e-13
2.434285905491804938e-13
2.409644934226917243e-13
2.409644934226917243e-13
2.420386986654674251e-13
2.400380760139175492e-13
2.400380760139175492e-13
2.409644934226917243e-13
2.391725052051036857e-13
2.391725052051036857e-13
2.400380760139175492e-13
2.383235425111221093e-13
2.383235425111221093e-13
2.391725052051036857e-13
2.374691820374357340e-13
2.374691820374357340e-13
2.383235425111221093e-13
2.365988632340850003e-13
2.365988632340850003e-13
2.374691820374357340e-13
2.357078377843244292e-13
2.357078377843244292e-13
2.365988632340850003e-13
2.347942548566531691e-13
2.347942548566531691e-13
2.357078377843244292e-13
8.126964055861365321e-12
8.126964055861365321e-12
2.347942548566531691e-13
2.333572012624306679e-13
2.333572012624306679e-13
8.126964055861365321e-12
2.322453928483784956e-13
2.322453928483784956e-13
2.333572012624306679e-13
2.313851934923619551e-13
2.313851934923619551e-13
2.322453928483784956e-13
2.305030172839434355e-13
2.305030172839434355e-13
2.313851934923619551e-13
2.451850726540128625e-13
2.451850726540128625e-13
2.305030172839434355e-13
2.327865005033217421e-13
2.327865005033217421e-13
2.451850726540128625e-13
2.279577301876279408e-13
2.279577301876279408e-13
2.327865005033217421e-13
2.271193547540180154e-13
2.271193547540180154e-13
2.279577301876279408e-13
2.262606929382809186e-13
2.262606929382809186e-13
2.271193547540180154e-13
2.253856550316110503e-13
2.253856550316110503e-13
2.262606929382809186e-13
3.458154950588608064e-13
3.458154950588608064e-13
2.253856550316110503e-13
2.237686526164919753e-13
2.237686526164919753e-13
3.458154950588608064e-13
2.229429005141968199e-13
2.229429005141968199e-13
2.237686526164919753e-13
2.221048999049645349e-13
2.221048999049645349e-13
2.229429005141968199e-13
2.212673941352864922e-13
2.212673941352864922e-13
2.221048999049645349e-13
3.285584404326442316e-13
3.285584404326442316e-13
2.212673941352864922e-13
2.196757948885644331e-13
2.196757948885644331e-13
3.285584404326442316e-13
2.188727213456886573e-13
2.188727213456886573e-13
2.196757948885644331e-13
2.180564300956713652e-13
2.180564300956713652e-13
2.188727213456886573e-13
2.175551530648380726e-13
2.175551530648380726e-13
2.180564300956713652e-13
2.479973386980707806e-13
2.479973386980707806e-13
2.175551530648380726e-13
2.156879607156989424e-13
2.156879607156989424e-13
2.479973386980707806e-13
2.149041759068010227e-13
2.149041759068010227e-13
2.156879607156989424e-13
2.141063501485483112e-13
2.141063501485483112e-13
2.149041759068010227e-13
1.110060002583767057e-10
1.110060002583767057e-10
2.141063501485483112e-13
2.125550873851196596e-13
2.125550873851196596e-13
1.110060002583767057e-10
2.118036658931775050e-13
2.125550873851196596e-13
2.118036658931775050e-13
2.110385365869604898e-13
2.118036658931775050e-13
2.110385365869604898e-13
2.102568752373424658e-13
2.110385365869604898e-13
2.102568752373424658e-13
4.152464934763260202e-13
2.102568752373424658e-13
4.152464934763260202e-13
2.095884293572542451e-13
4.152464934763260202e-13
2.095884293572542451e-13
2.080292722199083468e-13
2.095884293572542451e-13
2.080292722199083468e-13
2.072808547618382026e-13
2.080292722199083468e-13
2.072808547618382026e-13
2.065162090779030635e-13
2.072808547618382026e-13
2.065162090779030635e-13
1.132325947335505003e-12
2.065162090779030635e-13
1.132325947335505003e-12
2.051497620376437802e-13
1.132325947335505003e-12
2.051497620376437802e-13
2.043575615208529259e-13
2.051497620376437802e-13
2.043575615208529259e-13
2.036243505374057807e-13
2.043575615208529259e-13
2.036243505374057807e-13
2.036361674272888881e-13
2.036243505374057807e-13
2.036361674272888881e-13
3.075411814117191064e-13
2.036361674272888881e-13
3.075411814117191064e-13
2.014900542261746111e-13
3.075411814117191064e-13
2.014900542261746111e-13
2.007850259573429159e-13
2.014900542261746111e-13
2.007850259573429159e-13
2.000656159093364372e-13
2.007850259573429159e-13
2.000656159093364372e-13
1.525687845830286311e-10
2.000656159093364372e-13
1.525687845830286311e-10
2.030813807087880983e-13
1.525687845830286311e-10
2.030813807087880983e-13
1.980077517859186824e-13
2.030813807087880983e-13
1.980077517859186824e-13
1.973216250185180519e-13
1.980077517859186824e-13
1.973216250185180519e-13
1.966205799401964127e-13
1.973216250185180519e-13
1.966205799401964127e-13
4.032135039255867056e-11
1.966205799401964127e-13
4.032135039255867056e-11
1.954318105276787491e-13
4.032135039255867056e-11
1.954318105276787491e-13
1.946212439860518647e-13
1.954318105276787491e-13
1.939504186299699649e-13
1.946212439860518647e-13
1.946212439860518647e-13
1.932650837921275733e-13
1.939504186299699649e-13
1.939504186299699649e-13
4.282183791989631525e-13
1.932650837921275733e-13
1.932650837921275733e-13
1.920176493241781220e-13
4.282183791989631525e-13
4.282183791989631525e-13
1.913303437531098287e-13
1.920176493241781220e-13
1.920176493241781220e-13
1.906750947930431692e-13
1.913303437531098287e-13
1.913303437531098287e-13
1.900058763292235389e-13
1.906750947930431692e-13
1.906750947930431692e-13
1.905217059352265309e-13
1.900058763292235389e-13
1.900058763292235389e-13
1.887717768604902032e-13
1.905217059352265309e-13
1.905217059352265309e-13
1.881287576989727850e-13
1.887717768604902032e-13
1.887717768604902032e-13
1.874871686336256976e-13
1.881287576989727850e-13
1.881287576989727850e-13
6.703956264106962226e-12
1.874871686336256976e-13
1.874871686336256976e-13
2.020015105438104823e-13
6.703956264106962226e-12
6.703956264106962226e-12
1.856297595332689994e-13
2.020015105438104823e-13
2.020015105438104823e-13
1.850135328563102862e-13
1.856297595332689994e-13
1.856297595332689994e-13
1.843841436809249025e-13
1.850135328563102862e-13
1.850135328563102862e-13
2.453743335916650606e-12
1.843841436809249025e-13
1.843841436809249025e-13
1.847586615609023127e-13
2.453743335916650606e-12
2.453743335916650606e-12
1.825992660629805017e-13
1.847586615609023127e-13
1.847586615609023127e-13
1.820026819612208513e-13
1.825992660629805017e-13
1.825992660629805017e-13
1.813930768381195502e-13
1.820026819612208513e-13
1.820026819612208513e-13
5.344480057880690142e-12
1.813930768381195502e-13
1.813930768381195502e-13
1.861033829095812555e-13
5.344480057880690142e-12
5.344480057880690142e-12
1.796533474025506524e-13
1.861033829095812555e-13
1.861033829095812555e-13
1.790749296919346167e-13
1.796533474025506524e-13
1.796533474025506524e-13
1.784839762943478881e-13
1.790749296919346167e-13
1.790749296919346167e-13
3.379198890614176323e-10
1.784839762943478881e-13
1.784839762943478881e-13
1.853586479611969250e-13
3.379198890614176323e-10
3.379198890614176323e-10
1.767891489957699814e-13
1.853586479611969250e-13
1.853586479611969250e-13
1.762272892091868779e-13
1.767891489957699814e-13
1.767891489957699814e-13
1.756535686972614087e-13
1.762272892091868779e-13
1.762272892091868779e-13
1.473607475409839211e-11
1.756535686972614087e-13
1.756535686972614087e-13
1.809837663027241413e-13
1.473607475409839211e-11
1.473607475409839211e-11
1.740051696771914345e-13
1.809837663027241413e-13
1.809837663027241413e-13
1.734601497976684473e-13
1.740051696771914345e-13
1.740051696771914345e-13
1.729035544907827103e-13
1.734601497976684473e-13
1.734601497976684473e-13
8.260951515049910172e-13
1.729035544907827103e-13
1.729035544907827103e-13
2.019088393609367395e-13
8.260951515049910172e-13
8.260951515049910172e-13
1.712965676263981249e-13
2.019088393609367395e-13
1.707655456604064067e-13
2.019088393609367395e-13
1.712965676263981249e-13
1.702231740665944030e-13
1.712965676263981249e-13
1.707655456604064067e-13
4.236242194903461199e-10
1.707655456604064067e-13
1.702231740665944030e-13
1.705605152109617490e-13
1.702231740665944030e-13
4.236242194903461199e-10
1.686630205329950664e-13
4.236242194903461199e-10
1.705605152109617490e-13
1.681447391687535689e-13
1.705605152109617490e-13
1.686630205329950664e-13
1.676155640999729485e-13
1.686630205329950664e-13
1.681447391687535689e-13
9.420306012117369184e-11
1.681447391687535689e-13
1.676155640999729485e-13
1.670909704694960455e-13
1.676155640999729485e-13
9.420306012117369184e-11
1.661010232309773047e-13
9.420306012117369184e-11
1.670909704694960455e-13
1.655947768672476305e-13
1.670909704694960455e-13
1.661010232309773047e-13
1.650775538943818373e-13
1.661010232309773047e-13
1.655947768672476305e-13
4.939033602640388654e-12
1.650775538943818373e-13
1.655947768672476305e-13
1.643055542852108441e-13
4.939033602640388654e-12
1.650775538943818373e-13
1.636099318002580547e-13
1.643055542852108441e-13
4.939033602640388654e-12
1.631148462205626789e-13
1.636099318002580547e-13
1.643055542852108441e-13
1.626090850378651545e-13
1.631148462205626789e-13
1.636099318002580547e-13
8.942620109880800628e-13
1.626090850378651545e-13
1.631148462205626789e-13
1.616977190489869704e-13
8.942620109880800628e-13
1.626090850378651545e-13
1.611882923224537207e-13
1.616977190489869704e-13
8.942620109880800628e-13
1.607044773727406979e-13
1.611882923224537207e-13
1.616977190489869704e-13
1.605039843978354917e-13
1.607044773727406979e-13
1.611882923224537207e-13
2.195971105956150464e-13
1.605039843978354917e-13
1.607044773727406979e-13
1.592967719470250628e-13
2.195971105956150464e-13
1.605039843978354917e-13
1.588312025372059854e-13
1.592967719470250628e-13
2.195971105956150464e-13
1.583571274597108127e-13
1.588312025372059854e-13
1.592967719470250628e-13
1.520879651930741879e-10
1.583571274597108127e-13
1.579630324165813132e-13
1.588312025372059854e-13
1.520879651930741879e-10
1.569933304072322028e-13
1.583571274597108127e-13
1.579630324165813132e-13
1.565385944554643514e-13
1.520879651930741879e-10
1.569933304072322028e-13
1.560740527061090306e-13
1.579630324165813132e-13
1.565385944554643514e-13
1.165198158918393849e-12
1.569933304072322028e-13
1.560740527061090306e-13
1.554262479840124467e-13
1.565385944554643514e-13
1.165198158918393849e-12
1.547547963028296074e-13
1.560740527061090306e-13
1.554262479840124467e-13
1.543095443520642368e-13
1.165198158918393849e-12
1.547547963028296074e-13
1.538547272986219544e-13
1.554262479840124467e-13
1.543095443520642368e-13
7.435095893439406753e-13
1.538547272986219544e-13
1.547547963028296074e-13
1.530192127499053672e-13
7.435095893439406753e-13
1.543095443520642368e-13
1.525778681041006319e-13
1.530192127499053672e-13
1.538547272986219544e-13
1.521419609424189247e-13
1.525778681041006319e-13
7.435095893439406753e-13
1.741967318961650412e-13
1.521419609424189247e-13
1.530192127499053672e-13
2.145155547941386840e-13
1.741967318961650412e-13
1.525778681041006319e-13
1.508802793893222345e-13
2.145155547941386840e-13
1.521419609424189247e-13
1.504648037908853338e-13
1.508802793893222345e-13
1.741967318961650412e-13
1.500401656851147144e-13
1.504648037908853338e-13
2.145155547941386840e-13
7.975927584662880100e-12
1.500401656851147144e-13
1.508802793893222345e-13
1.674668831031332052e-13
7.975927584662880100e-12
1.504648037908853338e-13
1.488139791908192641e-13
1.674668831031332052e-13
1.500401656851147144e-13
1.484081457863650960e-13
1.488139791908192641e-13
7.975927584662880100e-12
1.479934890300530813e-13
1.484081457863650960e-13
1.674668831031332052e-13
1.409839623828633513e-10
1.479934890300530813e-13
1.488139791908192641e-13
1.473631078905366621e-13
1.409839623828633513e-10
1.484081457863650960e-13
1.468035277036852511e-13
1.473631078905366621e-13
1.479934890300530813e-13
1.468035277036852511e-13
1.464066277603080651e-13
1.409839623828633513e-10
1.460010806116791021e-13
1.464066277603080651e-13
1.473631078905366621e-13
4.336014823416519205e-12
1.460010806116791021e-13
1.468035277036852511e-13
1.452289906413667318e-13
4.336014823416519205e-12
1.452289906413667318e-13
1.448511962772207627e-13
1.464066277603080651e-13
1.448511962772207627e-13
1.444651599315720365e-13
1.460010806116791021e-13
1.444651599315720365e-13
1.440707048692469275e-13
4.336014823416519205e-12
1.440707048692469275e-13
8.785123475936481159e-12
1.452289906413667318e-13
8.785123475936481159e-12
1.434548187673875692e-13
1.448511962772207627e-13
1.434548187673875692e-13
1.429510302743557412e-13
1.444651599315720365e-13
1.429510302743557412e-13
1.425743721541300043e-13
1.440707048692469275e-13
1.421895394742800000e-13
8.785123475936481159e-12
1.421895394742800000e-13
3.353336897193776600e-12
1.434548187673875692e-13
3.353336897193776600e-12
1.414822289760255859e-13
1.429510302743557412e-13
1.414822289760255859e-13
1.411036914670015641e-13
1.425743721541300043e-13
1.411036914670015641e-13
1.407366954700845203e-13
1.421895394742800000e-13
1.407366954700845203e-13
1.403617366593009248e-13
3.353336897193776600e-12
1.403617366593009248e-13
1.067159124833684360e-12
1.414822289760255859e-13
1.067159124833684360e-12
1.397102373336854052e-13
1.411036914670015641e-13
1.397102373336854052e-13
1.393057328837953549e-13
1.407366954700845203e-13
1.393057328837953549e-13
1.389472989820214853e-13
1.403617366593009248e-13
1.389472989820214853e-13
1.385817648305583374e-13
1.067159124833684360e-12
1.385817648305583374e-13
2.066203434343531275e-13
1.397102373336854052e-13
2.066203434343531275e-13
1.379103513615772951e-13
1.393057328837953549e-13
1.379103513615772951e-13
1.375553839945872980e-13
1.389472989820214853e-13
1.375553839945872980e-13
1.372044952687818143e-13
1.385817648305583374e-13
1.372044952687818143e-13
5.739177524718331645e-12
2.066203434343531275e-13
5.739177524718331645e-12
1.497137862475990152e-13
1.379103513615772951e-13
1.497137862475990152e-13
1.361878205378199318e-13
1.375553839945872980e-13
1.361878205378199318e-13
1.358510081757099359e-13
1.372044952687818143e-13
1.358510081757099359e-13
1.355068105191555983e-13
5.739177524718331645e-12
1.355068105191555983e-13
1.449663093732812246e-12
1.497137862475990152e-13
1.449663093732812246e-12
1.348965433381614545e-13
1.348965433381614545e-13
1.361878205378199318e-13
1.345223832022295016e-13
1.345223832022295016e-13
1.358510081757099359e-13
1.341915435800785424e-13
1.338535810506782274e-13
1.355068105191555983e-13
1.338535810506782274e-13
1.853817910687584298e-13
1.449663093732812246e-12
1.853817910687584298e-13
1.332440640490423047e-13
1.348965433381614545e-13
1.332440640490423047e-13
1.329016942461639618e-13
1.345223832022295016e-13
1.329016942461639618e-13
1.325770385960378466e-13
1.341915435800785424e-13
1.325770385960378466e-13
1.381865376532891896e-11
1.338535810506782274e-13
1.381865376532891896e-11
1.367421562321174837e-13
1.853817910687584298e-13
1.367421562321174837e-13
1.332440640490423047e-13
1.313233495037245299e-13
1.316359750236866848e-13
1.329016942461639618e-13
1.310042522197403369e-13
1.325770385960378466e-13
1.310042522197403369e-13
1.381865376532891896e-11
1.675298471075643803e-11
1.309171802943343933e-13
1.367421562321174837e-13
1.309171802943343933e-13
1.300954536248066908e-13
1.316359750236866848e-13
1.300954536248066908e-13
1.297895787506000235e-13
1.313233495037245299e-13
1.294770690923160231e-13
1.297895787506000235e-13
1.310042522197403369e-13
1.323244454137173993e-12
1.675298471075643803e-11
1.323244454137173993e-12
1.289053637532825827e-13
1.309171802943343933e-13
1.289053637532825827e-13
1.285983403780739438e-13
1.300954536248066908e-13
1.285983403780739438e-13
1.297895787506000235e-13
1.282997473620016757e-13
1.279947672465761582e-13
1.294770690923160231e-13
5.738606387465741127e-13
1.279947672465761582e-13
1.323244454137173993e-12
1.274307902333564304e-13
5.738606387465741127e-13
1.289053637532825827e-13
1.274307902333564304e-13
1.271435133698625158e-13
1.285983403780739438e-13
1.271435133698625158e-13
1.282997473620016757e-13
1.268530061152889150e-13
1.279947672465761582e-13
1.265563396490141198e-13
3.444642216451407169e-13
5.738606387465741127e-13
1.260064802432726750e-13
3.444642216451407169e-13
1.274307902333564304e-13
1.260064802432726750e-13
1.257275511583613689e-13
1.271435133698625158e-13
1.254446052035694227e-13
1.257275511583613689e-13
1.268530061152889150e-13
1.251556283091611000e-13
1.254446052035694227e-13
1.265563396490141198e-13
3.778619377800138903e-13
3.444642216451407169e-13
3.778619377800138903e-13
1.246327677017307088e-13
1.243527819498576146e-13
1.260064802432726750e-13
1.243527819498576146e-13
1.240788601885525396e-13
1.257275511583613689e-13
1.240788601885525396e-13
1.237989734102009453e-13
1.254446052035694227e-13
1.237989734102009453e-13
1.018416227929139302e-12
1.251556283091611000e-13
1.018416227929139302e-12
1.232797535374717542e-13
3.778619377800138903e-13
1.232797535374717542e-13
1.230133069376782866e-13
1.246327677017307088e-13
1.230133069376782866e-13
1.227471544300872452e-13
1.243527819498576146e-13
1.227471544300872452e-13
1.224751934218963427e-13
1.240788601885525396e-13
1.224751934218963427e-13
4.302230752420151107e-12
1.237989734102009453e-13
4.302230752420151107e-12
1.219767724558187771e-13
1.018416227929139302e-12
1.219767724558187771e-13
1.217097875662243271e-13
1.232797535374717542e-13
1.214511111894376744e-13
1.217097875662243271e-13
1.230133069376782866e-13
1.214511111894376744e-13
1.211867789899852199e-13
1.227471544300872452e-13
1.211867789899852199e-13
1.548737759411985173e-12
1.224751934218963427e-13
1.207039477892190942e-13
1.548737759411985173e-12
4.302230752420151107e-12
1.204416573893478792e-13
1.207039477892190942e-13
1.219767724558187771e-13
1.204416573893478792e-13
1.201904979505581764e-13
1.217097875662243271e-13
1.199338358430529962e-13
1.201904979505581764e-13
1.214511111894376744e-13
1.199338358430529962e-13
2.450512929364396256e-12
1.211867789899852199e-13
1.194480827229243922e-13
2.450512929364396256e-12
1.548737759411985173e-12
1.192069026893919507e-13
1.194480827229243922e-13
1.207039477892190942e-13
1.189626529086826235e-13
1.192069026893919507e-13
1.204416573893478792e-13
1.187130462319718576e-13
1.189626529086826235e-13
1.201904979505581764e-13
3.073575101304926605e-13
1.199338358430529962e-13
3.073575101304926605e-13
1.185883586439729890e-13
2.450512929364396256e-12
1.180037644459894228e-13
1.185883586439729890e-13
1.194480827229243922e-13
1.180037644459894228e-13
1.177651952407763779e-13
1.192069026893919507e-13
1.175214225268555831e-13
1.177651952407763779e-13
1.189626529086826235e-13
3.705871105260452348e-13
1.187130462319718576e-13
1.171530302980009365e-13
3.073575101304926605e-13
1.171530302980009365e-13
1.168335158611086719e-13
1.185883586439729890e-13
1.168335158611086719e-13
1.166010623495762013e-13
1.180037644459894228e-13
1.166010623495762013e-13
1.163635298061572654e-13
1.177651952407763779e-13
1.163635298061572654e-13
1.707252779629979302e-13
1.175214225268555831e-13
1.707252779629979302e-13
1.159827089162936915e-13
3.705871105260452348e-13
1.159827089162936915e-13
1.156949555271189597e-13
1.171530302980009365e-13
1.156949555271189597e-13
1.154687586045975084e-13
1.168335158611086719e-13
1.154687586045975084e-13
1.152376152832009925e-13
1.166010623495762013e-13
1.152376152832009925e-13
2.970251503587527400e-12
1.163635298061572654e-13
2.970251503587527400e-12
1.148198077755641436e-13
1.707252779629979302e-13
1.148198077755641436e-13
1.145870932612877778e-13
1.159827089162936915e-13
1.145870932612877778e-13
1.143672203462230916e-13
1.156949555271189597e-13
1.143672203462230916e-13
1.141425299853908693e-13
1.154687586045975084e-13
1.141425299853908693e-13
1.462563425838548276e-13
1.152376152832009925e-13
1.462563425838548276e-13
1.137193095301077490e-13
2.970251503587527400e-12
1.137193095301077490e-13
1.135094293082390265e-13
1.148198077755641436e-13
1.135094293082390265e-13
1.132962772108916025e-13
1.145870932612877778e-13
1.132962772108916025e-13
1.130784255837172440e-13
1.143672203462230916e-13
1.130784255837172440e-13
2.190774230359272068e-11
1.141425299853908693e-13
2.190774230359272068e-11
1.135200385156081822e-13
1.462563425838548276e-13
1.135200385156081822e-13
1.124588771693465264e-13
1.137193095301077490e-13
1.124588771693465264e-13
1.122512000342918339e-13
1.135094293082390265e-13
1.120389675140705345e-13
1.132962772108916025e-13
1.120389675140705345e-13
1.130784255837172440e-13
1.195386823683753700e-11
1.116939529373149825e-13
2.190774230359272068e-11
1.116939529373149825e-13
1.114353398889559213e-13
1.135200385156081822e-13
1.112324767179737937e-13
1.124588771693465264e-13
1.112324767179737937e-13
1.110251736062330291e-13
1.122512000342918339e-13
1.110251736062330291e-13
1.120389675140705345e-13
1.146617960393107013e-12
1.106346350518069155e-13
1.195386823683753700e-11
1.104407287667707068e-13
1.106346350518069155e-13
1.116939529373149825e-13
1.102439025203600898e-13
1.104407287667707068e-13
1.114353398889559213e-13
1.100427360207296650e-13
1.102439025203600898e-13
1.112324767179737937e-13
1.100427360207296650e-13
8.634094419849152129e-12
1.110251736062330291e-13
1.097852275887170481e-13
8.634094419849152129e-12
1.146617960393107013e-12
1.097852275887170481e-13
1.094714596835216662e-13
1.106346350518069155e-13
1.092798920518464218e-13
1.094714596835216662e-13
1.104407287667707068e-13
1.092798920518464218e-13
1.102439025203600898e-13
1.873895297547971744e-12
1.090840939558667874e-13
1.100427360207296650e-13
1.089321852973355722e-13
1.873895297547971744e-12
8.634094419849152129e-12
1.085271767786059119e-13
1.089321852973355722e-13
1.097852275887170481e-13
1.083403407812978599e-13
1.085271767786059119e-13
1.081494077815063846e-13
1.094714596835216662e-13
1.083403407812978599e-13
1.092798920518464218e-13
1.081494077815063846e-13
6.147302091648699384e-13
1.090840939558667874e-13
1.077856881207391066e-13
6.147302091648699384e-13
1.873895297547971744e-12
1.076067298686140964e-13
1.077856881207391066e-13
1.089321852973355722e-13
1.074239247074795389e-13
1.076067298686140964e-13
1.085271767786059119e-13
1.072371152884192611e-13
1.074239247074795389e-13
1.083403407812978599e-13
1.664855456943217176e-12
1.072371152884192611e-13
1.081494077815063846e-13
1.664855456943217176e-12
1.068962246331405725e-13
1.068962246331405725e-13
6.147302091648699384e-13
1.067101570467243046e-13
1.067101570467243046e-13
1.077856881207391066e-13
1.065312248073400623e-13
1.065312248073400623e-13
1.076067298686140964e-13
1.063831745633660314e-13
1.063831745633660314e-13
1.074239247074795389e-13
2.700168811941823850e-13
2.700168811941823850e-13
1.072371152884192611e-13
1.060136299878422119e-13
1.060136299878422119e-13
1.664855456943217176e-12
1.058360003400503269e-13
1.058360003400503269e-13
1.068962246331405725e-13
1.056603778813491440e-13
1.056603778813491440e-13
1.067101570467243046e-13
1.070932842243063158e-13
1.070932842243063158e-13
1.065312248073400623e-13
1.096221721219515514e-13
1.096221721219515514e-13
1.063831745633660314e-13
1.051527132645239021e-13
1.051527132645239021e-13
2.700168811941823850e-13
1.049838989418852321e-13
1.049838989418852321e-13
1.060136299878422119e-13
1.048113581028555396e-13
1.048113581028555396e-13
1.058360003400503269e-13
1.438778812760600440e-12
1.438778812760600440e-12
1.056603778813491440e-13
1.047252374522054561e-13
1.047252374522054561e-13
1.070932842243063158e-13
1.043189868492659382e-13
1.043189868492659382e-13
1.096221721219515514e-13
1.041528008159769866e-13
1.041528008159769866e-13
1.051527132645239021e-13
1.039841594215841475e-13
1.039841594215841475e-13
1.049838989418852321e-13
1.129149807632974019e-13
1.129149807632974019e-13
1.048113581028555396e-13
1.036770701415325046e-13
1.036770701415325046e-13
1.438778812760600440e-12
1.035096709159550824e-13
1.035096709159550824e-13
1.047252374522054561e-13
1.033479759801019944e-13
1.033479759801019944e-13
1.043189868492659382e-13
1.031830735928568052e-13
1.031830735928568052e-13
1.041528008159769866e-13
1.864428137695116527e-13
1.864428137695116527e-13
1.039841594215841475e-13
1.028870485863779739e-13
1.028870485863779739e-13
1.129149807632974019e-13
1.027206970481577596e-13
1.027206970481577596e-13
1.036770701415325046e-13
1.025629891470600608e-13
1.025629891470600608e-13
1.035096709159550824e-13
1.024104068686399029e-13
1.024104068686399029e-13
1.033479759801019944e-13
3.127753595852330752e-13
3.127753595852330752e-13
1.031830735928568052e-13
1.021078107036478565e-13
1.021078107036478565e-13
1.864428137695116527e-13
1.019517883018766373e-13
1.019517883018766373e-13
1.028870485863779739e-13
1.017977887444383047e-13
1.017977887444383047e-13
1.027206970481577596e-13
1.032054490449454212e-13
1.032054490449454212e-13
1.025629891470600608e-13
1.960548802549800773e-13
1.960548802549800773e-13
1.024104068686399029e-13
1.013509118260032520e-13
1.013509118260032520e-13
3.127753595852330752e-13
1.012028415929243153e-13
1.012028415929243153e-13
1.021078107036478565e-13
1.010525598240028370e-13
1.010525598240028370e-13
1.019517883018766373e-13
5.660915588970897930e-13
5.660915588970897930e-13
1.017977887444383047e-13
1.183700914385303465e-13
1.183700914385303465e-13
1.032054490449454212e-13
1.006161189435662188e-13
1.006161189435662188e-13
1.960548802549800773e-13
1.004720956820015750e-13
1.004720956820015750e-13
1.013509118260032520e-13
1.003248986388544449e-13
1.003248986388544449e-13
1.012028415929243153e-13
1.432700898025207878e-10
1.432700898025207878e-10
1.010525598240028370e-13
1.005152554268201596e-13
1.005152554268201596e-13
5.660915588970897930e-13
9.990071634306300435e-14
9.990071634306300435e-14
1.183700914385303465e-13
9.975919328657454587e-14
9.975919328657454587e-14
1.006161189435662188e-13
9.961467777601171309e-14
9.961467777601171309e-14
1.004720956820015750e-13
2.377439059031108120e-12
2.377439059031108120e-12
1.003248986388544449e-13
9.936287203771877770e-14
9.936287203771877770e-14
1.432700898025207878e-10
9.920269081566535546e-14
9.920269081566535546e-14
1.005152554268201596e-13
9.906358674882767293e-14
9.906358674882767293e-14
9.990071634306300435e-14
9.897720098617873147e-14
9.897720098617873147e-14
9.975919328657454587e-14
2.657482785378459439e-13
2.657482785378459439e-13
9.961467777601171309e-14
9.866158683844333532e-14
9.866158683844333532e-14
2.377439059031108120e-12
9.852238528178885173e-14
9.852238528178885173e-14
9.936287203771877770e-14
9.838564351196107781e-14
9.838564351196107781e-14
9.920269081566535546e-14
1.028997094772724712e-12
1.028997094772724712e-12
9.906358674882767293e-14
9.850357463563266102e-14
9.850357463563266102e-14
9.897720098617873147e-14
9.799040032854467436e-14
9.799040032854467436e-14
2.657482785378459439e-13
9.785853612801517143e-14
9.785853612801517143e-14
9.866158683844333532e-14
9.772387748967364503e-14
9.772387748967364503e-14
9.852238528178885173e-14
6.268454100813543398e-12
6.268454100813543398e-12
9.838564351196107781e-14
9.747106103816253317e-14
9.747106103816253317e-14
1.028997094772724712e-12
9.734291509301322995e-14
9.734291509301322995e-14
9.850357463563266102e-14
9.721455745942223175e-14
9.721455745942223175e-14
9.799040032854467436e-14
9.708335466911476401e-14
9.785853612801517143e-14
1.716181178842535598e-12
1.716181178842535598e-12
9.772387748967364503e-14
9.694792238186507362e-14
9.694792238186507362e-14
6.268454100813543398e-12
9.671205264098809097e-14
9.671205264098809097e-14
9.747106103816253317e-14
9.658705002543840028e-14
9.734291509301322995e-14
9.645927072567320236e-14
9.645927072567320236e-14
9.721455745942223175e-14
1.534344846875536753e-12
1.534344846875536753e-12
9.708335466911476401e-14
9.621687328714338209e-14
9.621687328714338209e-14
1.716181178842535598e-12
9.609638357257977229e-14
9.609638357257977229e-14
9.694792238186507362e-14
9.597413463028665525e-14
9.597413463028665525e-14
9.671205264098809097e-14
9.584917942255875171e-14
9.584917942255875171e-14
9.658705002543840028e-14
8.607307179817753120e-13
8.607307179817753120e-13
9.645927072567320236e-14
9.566329286170357031e-14
9.566329286170357031e-14
9.549646702082415650e-14
9.549646702082415650e-14
1.534344846875536753e-12
9.621687328714338209e-14
9.537708935618302392e-14
9.609638357257977229e-14
9.525507667078304926e-14
9.597413463028665525e-14
5.180818970492868482e-13
5.180818970492868482e-13
9.584917942255875171e-14
9.502917540417976702e-14
9.502917540417976702e-14
8.607307179817753120e-13
9.491091328657514544e-14
9.479392187559373848e-14
9.479392187559373848e-14
9.562603493334081748e-14
9.562603493334081748e-14
9.549646702082415650e-14
1.648746336614197327e-13
1.648746336614197327e-13
9.537708935618302392e-14
9.445496885829194179e-14
9.445496885829194179e-14
9.525507667078304926e-14
9.433934267728697820e-14
9.433934267728697820e-14
5.180818970492868482e-13
9.422437272831042545e-14
9.502917540417976702e-14
1.710052078705505152e-12
9.491091328657514544e-14
9.909629492540625305e-14
9.479392187559373848e-14
9.389253170675152576e-14
9.389253170675152576e-14
9.562603493334081748e-14
9.378200686099630032e-14
9.378200686099630032e-14
1.648746336614197327e-13
9.366912916095726592e-14
9.366912916095726592e-14
9.445496885829194179e-14
1.078894022046351857e-12
9.433934267728697820e-14
9.425477131010564737e-14
9.425477131010564737e-14
9.422437272831042545e-14
9.334845110551613739e-14
1.710052078705505152e-12
9.324126677818143382e-14
9.324126677818143382e-14
9.909629492540625305e-14
9.313167290722996860e-14
9.389253170675152576e-14
1.016985222560595181e-10
1.016985222560595181e-10
9.378200686099630032e-14
9.469129324371466303e-14
9.469129324371466303e-14
9.366912916095726592e-14
9.281731028388315268e-14
1.078894022046351857e-12
9.271272623078266360e-14
9.271272623078266360e-14
9.425477131010564737e-14
9.260580253948730124e-14
9.260580253948730124e-14
9.334845110551613739e-14
6.271316714518592214e-11
6.271316714518592214e-11
9.324126677818143382e-14
9.280077058390731300e-14
9.280077058390731300e-14
9.313167290722996860e-14
9.229879924199752541e-14
9.229879924199752541e-14
1.016985222560595181e-10
9.219631985571041823e-14
9.219631985571041823e-14
9.469129324371466303e-14
9.209157213503575481e-14
9.209157213503575481e-14
9.281731028388315268e-14
1.652803315308508481e-12
1.652803315308508481e-12
9.271272623078266360e-14
9.189162847977413069e-14
9.260580253948730124e-14
9.179374160561809168e-14
9.179374160561809168e-14
6.271316714518592214e-11
9.169392699558166416e-14
9.169392699558166416e-14
9.280077058390731300e-14
9.159187720357436717e-14
9.159187720357436717e-14
9.229879924199752541e-14
2.515409612479571366e-13
2.515409612479571366e-13
9.219631985571041823e-14
9.140219656201866617e-14
9.140219656201866617e-14
9.209157213503575481e-14
9.130106320259112171e-14
9.130106320259112171e-14
1.652803315308508481e-12
9.120378539135503004e-14
9.189162847977413069e-14
9.110432136053149288e-14
9.179374160561809168e-14
8.212494049889256543e-12
9.169392699558166416e-14
9.147809607826710048e-14
9.147809607826710048e-14
9.159187720357436717e-14
9.081993084576069584e-14
2.515409612479571366e-13
9.072468752835997464e-14
9.072468752835997464e-14
9.140219656201866617e-14
9.062732821561390112e-14
9.062732821561390112e-14
9.130106320259112171e-14
8.779401813418696523e-12
9.120378539135503004e-14
9.065772649713574493e-14
9.065772649713574493e-14
9.110432136053149288e-14
9.035126784353286009e-14
8.212494049889256543e-12
9.025862418982326536e-14
9.147809607826710048e-14
9.016389927339012440e-14
9.016389927339012440e-14
9.081993084576069584e-14
3.379577079585523337e-12
3.379577079585523337e-12
9.072468752835997464e-14
9.001163177324072986e-14
9.001163177324072986e-14
9.062732821561390112e-14
8.989363092471043868e-14
8.989363092471043868e-14
8.779401813418696523e-12
8.980316129845787336e-14
8.980316129845787336e-14
9.065772649713574493e-14
8.971067595872968318e-14
8.971067595872968318e-14
9.035126784353286009e-14
3.754111388448728137e-12
9.025862418982326536e-14
8.997986831999025323e-14
8.997986831999025323e-14
9.016389927339012440e-14
8.944671913008388654e-14
3.379577079585523337e-12
8.935812686975662867e-14
9.001163177324072986e-14
8.926756336889045407e-14
8.926756336889045407e-14
8.989363092471043868e-14
3.551003665308415312e-12
3.551003665308415312e-12
8.980316129845787336e-14
8.920708050870529893e-14
8.920708050870529893e-14
8.971067595872968318e-14
8.901059120171135962e-14
3.754111388448728137e-12
8.892386780698480707e-14
8.997986831999025323e-14
8.883520779174408602e-14
8.883520779174408602e-14
8.944671913008388654e-14
1.267907080665831488e-12
1.267907080665831488e-12
8.935812686975662867e-14
8.868256032678650121e-14
8.868256032678650121e-14
8.926756336889045407e-14
8.858527874014255573e-14
8.858527874014255573e-14
3.551003665308415312e-12
8.850058771504744591e-14
8.850058771504744591e-14
8.920708050870529893e-14
8.841401717668591154e-14
8.841401717668591154e-14
8.901059120171135962e-14
6.764069169235015817e-13
6.764069169235015817e-13
8.892386780698480707e-14
8.827469489604569525e-14
8.827469489604569525e-14
8.883520779174408602e-14
8.816976101651680693e-14
8.816976101651680693e-14
1.267907080665831488e-12
8.808679120357079180e-14
8.808679120357079180e-14
8.868256032678650121e-14
8.808917400213698360e-14
8.808917400213698360e-14
8.858527874014255573e-14
9.030769818318860425e-14
9.030769818318860425e-14
8.850058771504744591e-14
8.784614341582374770e-14
8.784614341582374770e-14
8.841401717668591154e-14
8.776382234526346878e-14
8.776382234526346878e-14
6.764069169235015817e-13
8.768234731772926574e-14
8.827469489604569525e-14
2.597259586038704856e-10
2.597259586038704856e-10
8.816976101651680693e-14
9.816372653617383169e-14
9.816372653617383169e-14
8.808679120357079180e-14
8.744611021904468834e-14
8.744611021904468834e-14
8.808917400213698360e-14
8.736736297460507733e-14
8.736736297460507733e-14
9.030769818318860425e-14
8.728730806889896468e-14
8.784614341582374770e-14
9.516261937418693146e-12
9.516261937418693146e-12
8.776382234526346878e-14
8.723346973194790853e-14
8.723346973194790853e-14
8.768234731772926574e-14
8.705701588573345161e-14
8.705701588573345161e-14
2.597259586038704856e-10
8.697994979791648749e-14
9.816372653617383169e-14
8.690116956326661470e-14
8.690116956326661470e-14
8.744611021904468834e-14
1.279494996848438728e-12
1.279494996848438728e-12
8.736736297460507733e-14
8.680410252966095203e-14
8.680410252966095203e-14
8.728730806889896468e-14
8.667815104738725439e-14
8.667815104738725439e-14
9.516261937418693146e-12
8.660282210448522151e-14
8.660282210448522151e-14
8.723346973194790853e-14
8.652580415034192821e-14
8.652580415034192821e-14
8.705701588573345161e-14
9.253763748352137157e-13
9.253763748352137157e-13
8.697994979791648749e-14
8.640755275066285296e-14
8.690116956326661470e-14
8.630792024616333477e-14
8.630792024616333477e-14
1.279494996848438728e-12
8.623406967032707742e-14
8.623406967032707742e-14
8.680410252966095203e-14
8.617927109423051158e-14
8.617927109423051158e-14
8.667815104738725439e-14
2.006040178027346345e-13
8.660282210448522151e-14
8.602325899952198428e-14
8.602325899952198428e-14
8.652580415034192821e-14
8.594597383008292808e-14
9.253763748352137157e-13
8.587335302616584730e-14
8.587335302616584730e-14
8.640755275066285296e-14
3.050691707397334421e-11
3.050691707397334421e-11
8.630792024616333477e-14
9.424967226209236970e-14
8.623406967032707742e-14
8.566337912139313645e-14
8.617927109423051158e-14
8.559333132618337357e-14
8.559333132618337357e-14
2.006040178027346345e-13
8.552240463257677532e-14
8.602325899952198428e-14
8.155263945027450989e-11
8.155263945027450989e-11
8.594597383008292808e-14
1.015101929679752870e-13
1.015101929679752870e-13
8.587335302616584730e-14
8.531703265533854889e-14
8.531703265533854889e-14
3.050691707397334421e-11
8.524869657498273815e-14
8.524869657498273815e-14
9.424967226209236970e-14
8.517929953305506379e-14
8.517929953305506379e-14
8.566337912139313645e-14
1.959930811298061720e-10
1.959930811298061720e-10
8.559333132618337357e-14
8.532938430480867022e-14
8.532938430480867022e-14
8.552240463257677532e-14
8.497835398087252207e-14
8.497835398087252207e-14
8.155263945027450989e-11
8.491163829294220632e-14
8.491163829294220632e-14
1.015101929679752870e-13
8.484352346720800623e-14
8.531703265533854889e-14
2.398110802556897895e-12
2.398110802556897895e-12
8.524869657498273815e-14
8.511064964575503011e-14
8.511064964575503011e-14
8.517929953305506379e-14
8.464760457077605444e-14
8.464760457077605444e-14
1.959930811298061720e-10
8.458211255558453968e-14
8.458211255558453968e-14
8.532938430480867022e-14
8.451516391976273803e-14
8.451516391976273803e-14
8.497835398087252207e-14
9.465816773754932079e-14
9.465816773754932079e-14
8.491163829294220632e-14
8.440458438641608675e-14
8.440458438641608675e-14
8.484352346720800623e-14
8.432426255547423874e-14
8.432426255547423874e-14
2.398110802556897895e-12
8.425976367394670153e-14
8.425976367394670153e-14
8.511064964575503011e-14
8.481875287733150033e-14
8.481875287733150033e-14
8.464760457077605444e-14
1.885027594533433614e-13
1.885027594533433614e-13
8.458211255558453968e-14
8.407390255472662857e-14
8.407390255472662857e-14
8.451516391976273803e-14
8.400830284625446422e-14
8.400830284625446422e-14
9.465816773754932079e-14
8.394481388769368260e-14
8.394481388769368260e-14
8.440458438641608675e-14
1.714982365995682171e-11
1.714982365995682171e-11
8.432426255547423874e-14
8.463595813717793999e-14
8.463595813717793999e-14
8.425976367394670153e-14
8.376059855209929355e-14
8.376059855209929355e-14
8.481875287733150033e-14
8.369918082166370612e-14
8.369918082166370612e-14
1.885027594533433614e-13
8.363655266914897815e-14
8.363655266914897815e-14
8.407390255472662857e-14
4.632814906666849483e-12
4.632814906666849483e-12
8.400830284625446422e-14
8.352052566760472358e-14
8.352052566760472358e-14
8.394481388769368260e-14
8.345743790992317828e-14
1.714982365995682171e-11
8.339710085219480635e-14
8.339710085219480635e-14
8.463595813717793999e-14
8.333674486840371361e-14
8.333674486840371361e-14
3.156029817030677257e-13
3.156029817030677257e-13
8.322458909618362492e-14
8.322458909618362492e-14
8.369918082166370612e-14
8.316179889784922155e-14
8.316179889784922155e-14
8.363655266914897815e-14
8.310271180383240447e-14
4.632814906666849483e-12
8.352052566760472358e-14
8.314838071748413233e-14
8.314838071748413233e-14
2.304685401869088525e-13
2.304685401869088525e-13
8.345743790992317828e-14
8.293370505758096603e-14
8.293370505758096603e-14
8.339710085219480635e-14
8.287289891811106931e-14
8.287289891811106931e-14
8.333674486840371361e-14
8.281506647278920465e-14
8.281506647278920465e-14
3.156029817030677257e-13
9.398958764406636077e-14
9.398958764406636077e-14
8.322458909618362492e-14
8.272204891049820533e-14
8.272204891049820533e-14
8.316179889784922155e-14
8.264636027096872802e-14
8.264636027096872802e-14
8.310271180383240447e-14
8.259019478113942854e-14
8.259019478113942854e-14
8.314838071748413233e-14
8.253341614784729470e-14
8.253341614784729470e-14
2.304685401869088525e-13
4.321882464598166401e-10
4.321882464598166401e-10
8.293370505758096603e-14
8.455291341997430142e-14
8.455291341997430142e-14
8.287289891811106931e-14
8.236868973168138542e-14
8.236868973168138542e-14
8.281506647278920465e-14
8.231381743329016269e-14
8.231381743329016269e-14
9.398958764406636077e-14
8.225808254629073268e-14
8.225808254629073268e-14
8.272204891049820533e-14
9.665306470302583448e-14
9.665306470302583448e-14
8.264636027096872802e-14
8.437247563788411127e-14
8.437247563788411127e-14
8.259019478113942854e-14
8.209692093791875843e-14
8.253341614784729470e-14
8.204328043016134510e-14
8.204328043016134510e-14
4.321882464598166401e-10
8.198842624065520148e-14
8.198842624065520148e-14
8.455291341997430142e-14
4.285876993828163308e-12
4.285876993828163308e-12
8.236868973168138542e-14
8.189082733673422747e-14
8.189082733673422747e-14
8.231381743329016269e-14
8.183144378837667300e-14
8.183144378837667300e-14
8.225808254629073268e-14
8.177864277939796763e-14
8.177864277939796763e-14
9.665306470302583448e-14
8.172468435991309924e-14
8.172468435991309924e-14
8.437247563788411127e-14
3.930428281003857487e-13
3.930428281003857487e-13
8.209692093791875843e-14
8.163472622434980372e-14
8.163472622434980372e-14
8.204328043016134510e-14
8.157222281572710052e-14
8.157222281572710052e-14
8.198842624065520148e-14
8.152053594875792499e-14
8.152053594875792499e-14
4.285876993828163308e-12
8.146767700268450063e-14
8.146767700268450063e-14
8.189082733673422747e-14
4.662982571018085676e-13
4.662982571018085676e-13
8.183144378837667300e-14
8.137299999652427957e-14
8.137299999652427957e-14
8.177864277939796763e-14
8.131956373914223102e-14
8.172468435991309924e-14
8.126953484690872288e-14
8.126953484690872288e-14
3.930428281003857487e-13
8.121835385462763928e-14
8.121835385462763928e-14
8.163472622434980372e-14
1.343317682275117067e-11
8.157222281572710052e-14
8.154744881784760135e-14
8.154744881784760135e-14
8.152053594875792499e-14
8.107195072814238656e-14
8.107195072814238656e-14
8.146767700268450063e-14
8.102323367790071166e-14
8.102323367790071166e-14
4.662982571018085676e-13
8.097339971586960748e-14
8.097339971586960748e-14
8.137299999652427957e-14
1.460439014740341162e-10
1.460439014740341162e-10
8.131956373914223102e-14
8.284966759065303795e-14
8.284966759065303795e-14
8.126953484690872288e-14
8.082964446907886654e-14
8.082964446907886654e-14
8.121835385462763928e-14
8.078207383761499236e-14
8.078207383761499236e-14
1.343317682275117067e-11
8.073346328563936624e-14
8.073346328563936624e-14
8.154744881784760135e-14
1.414622756539375304e-10
1.414622756539375304e-10
8.107195072814238656e-14
8.337768708008080490e-14
8.337768708008080490e-14
8.102323367790071166e-14
8.059256466463452879e-14
8.097339971586960748e-14
8.054570382198723704e-14
8.054570382198723704e-14
1.460439014740341162e-10
8.049807384533757550e-14
8.049807384533757550e-14
8.284966759065303795e-14
1.464353046577801144e-10
1.464353046577801144e-10
8.082964446907886654e-14
8.254048585101516957e-14
8.254048585101516957e-14
8.078207383761499236e-14
8.035991072457355179e-14
8.035991072457355179e-14
8.073346328563936624e-14
8.031409728315896008e-14
8.031409728315896008e-14
1.414622756539375304e-10
8.026725372974806522e-14
8.337768708008080490e-14
9.199627221107872943e-12
9.199627221107872943e-12
8.059256466463452879e-14
8.064787364952249781e-14
8.054570382198723704e-14
8.013228553541738428e-14
8.049807384533757550e-14
8.008712204391808600e-14
8.008712204391808600e-14
1.464353046577801144e-10
8.004093441188364163e-14
8.004093441188364163e-14
8.254048585101516957e-14
8.297536728257281430e-14
8.297536728257281430e-14
8.035991072457355179e-14
7.995509755301043989e-14
7.995509755301043989e-14
8.031409728315896008e-14
7.990955284762652625e-14
7.990955284762652625e-14
8.026725372974806522e-14
7.986506288472327982e-14
7.986506288472327982e-14
9.199627221107872943e-12
1.182082202403286084e-13
1.182082202403286084e-13
8.064787364952249781e-14
8.094734547701939619e-14
8.094734547701939619e-14
8.013228553541738428e-14
7.973573255009902057e-14
7.973573255009902057e-14
8.008712204391808600e-14
7.969137322855945762e-14
7.969137322855945762e-14
8.004093441188364163e-14
7.964747486701428334e-14
7.964747486701428334e-14
8.297536728257281430e-14
9.486754609228843403e-11
9.486754609228843403e-11
7.995509755301043989e-14
8.269420000756058193e-14
8.269420000756058193e-14
7.990955284762652625e-14
7.952080441367434718e-14
7.952080441367434718e-14
7.986506288472327982e-14
7.947891245435161974e-14
7.947891245435161974e-14
1.182082202403286084e-13
7.943620442602351358e-14
7.943620442602351358e-14
8.094734547701939619e-14
1.166597402791974644e-13
1.166597402791974644e-13
7.973573255009902057e-14
1.164142090866167749e-13
1.164142090866167749e-13
7.969137322855945762e-14
7.931328003344213111e-14
7.931328003344213111e-14
7.964747486701428334e-14
7.927069850509745187e-14
7.927069850509745187e-14
9.486754609228843403e-11
7.922905698178097951e-14
7.922905698178097951e-14
8.269420000756058193e-14
7.920403699307805955e-14
7.952080441367434718e-14
9.693690412775250561e-14
9.693690412775250561e-14
7.947891245435161974e-14
7.910637515971482942e-14
7.910637515971482942e-14
7.943620442602351358e-14
7.906652809808341006e-14
7.906652809808341006e-14
1.166597402791974644e-13
7.902573860609214793e-14
7.902573860609214793e-14
1.164142090866167749e-13
7.930637368541363196e-14
7.930637368541363196e-14
7.931328003344213111e-14
1.809091848469067336e-13
1.809091848469067336e-13
7.927069850509745187e-14
7.890561017590983179e-14
7.890561017590983179e-14
7.922905698178097951e-14
7.886634013038634967e-14
7.886634013038634967e-14
7.920403699307805955e-14
7.882622060278886536e-14
7.882622060278886536e-14
9.693690412775250561e-14
2.772457018460632368e-12
2.772457018460632368e-12
7.910637515971482942e-14
1.091398651235999083e-13
1.091398651235999083e-13
7.906652809808341006e-14
7.870904234041374680e-14
7.870904234041374680e-14
7.902573860609214793e-14
7.867062618845637912e-14
7.867062618845637912e-14
7.930637368541363196e-14
7.863135868662608140e-14
7.863135868662608140e-14
1.809091848469067336e-13
3.454188576500823732e-12
3.454188576500823732e-12
7.890561017590983179e-14
8.605871974207201093e-14
8.605871974207201093e-14
7.886634013038634967e-14
7.851668354374196826e-14
7.851668354374196826e-14
7.882622060278886536e-14
7.847870376156721135e-14
7.847870376156721135e-14
2.772457018460632368e-12
7.844013343831056862e-14
7.844013343831056862e-14
1.091398651235999083e-13
1.260744029989514445e-10
1.260744029989514445e-10
7.870904234041374680e-14
8.003528611574966994e-14
8.003528611574966994e-14
7.867062618845637912e-14
7.832765085799019945e-14
7.832765085799019945e-14
7.863135868662608140e-14
7.829049515003962066e-14
7.829049515003962066e-14
3.454188576500823732e-12
7.825249362877205455e-14
7.825249362877205455e-14
8.605871974207201093e-14
2.080496378313129083e-11
2.080496378313129083e-11
7.851668354374196826e-14
7.836215986386876885e-14
7.836215986386876885e-14
7.847870376156721135e-14
7.814276990297165039e-14
7.814276990297165039e-14
7.844013343831056862e-14
7.810623925695347579e-14
7.810623925695347579e-14
1.260744029989514445e-10
7.806887378710222175e-14
7.806887378710222175e-14
8.003528611574966994e-14
2.567696845514528970e-12
2.567696845514528970e-12
7.832765085799019945e-14
7.800862597812724262e-14
7.800862597812724262e-14
7.829049515003962066e-14
7.796151161482954598e-14
7.796151161482954598e-14
7.825249362877205455e-14
7.792551170843239225e-14
7.792551170843239225e-14
2.080496378313129083e-11
7.788893135334340221e-14
7.788893135334340221e-14
7.836215986386876885e-14
2.581075618238283717e-13
2.581075618238283717e-13
7.814276990297165039e-14
7.783047542812887808e-14
7.783047542812887808e-14
7.810623925695347579e-14
7.778374706395195487e-14
7.778374706395195487e-14
7.806887378710222175e-14
7.774817507369140088e-14
7.774817507369140088e-14
2.567696845514528970e-12
1.184173900503822227e-10
1.184173900503822227e-10
7.800862597812724262e-14
8.647457128836761198e-14
8.647457128836761198e-14
7.796151161482954598e-14
7.764418933246216674e-14
7.764418933246216674e-14
7.792551170843239225e-14
7.760943682366379244e-14
7.760943682366379244e-14
7.788893135334340221e-14
7.757426238959339153e-14
7.757426238959339153e-14
2.581075618238283717e-13
1.672635929398822441e-11
1.672635929398822441e-11
7.783047542812887808e-14
7.789750338926111929e-14
7.789750338926111929e-14
7.778374706395195487e-14
7.747253647460374441e-14
7.747253647460374441e-14
7.774817507369140088e-14
7.743856673422287361e-14
7.743856673422287361e-14
1.184173900503822227e-10
7.740382590562212895e-14
7.740382590562212895e-14
8.647457128836761198e-14
1.995107199425319720e-13
1.995107199425319720e-13
7.764418933246216674e-14
7.733743572508876131e-14
7.733743572508876131e-14
7.760943682366379244e-14
7.730464952508828387e-14
7.730464952508828387e-14
7.757426238959339153e-14
7.727113601635638627e-14
1.672635929398822441e-11
1.144551606013945224e-13
1.144551606013945224e-13
7.789750338926111929e-14
9.436258309866251484e-14
9.436258309866251484e-14
7.747253647460374441e-14
7.717234204866267926e-14
7.743856673422287361e-14
7.714003190738393741e-14
7.714003190738393741e-14
7.740382590562212895e-14
7.710696043609854369e-14
7.710696043609854369e-14
1.995107199425319720e-13
1.406249863956902445e-10
1.406249863956902445e-10
7.733743572508876131e-14
7.705611516954793139e-14
7.705611516954793139e-14
7.730464952508828387e-14
7.701056165136142531e-14
7.701056165136142531e-14
7.727113601635638627e-14
7.697863508224079741e-14
7.697863508224079741e-14
1.144551606013945224e-13
7.694601345812947621e-14
7.694601345812947621e-14
9.436258309866251484e-14
1.122298598193751545e-11
1.122298598193751545e-11
7.717234204866267926e-14
7.696139977337892460e-14
7.696139977337892460e-14
7.714003190738393741e-14
7.685173741887441694e-14
7.685173741887441694e-14
7.710696043609854369e-14
7.682021377044009492e-14
7.682021377044009492e-14
1.406249863956902445e-10
7.678810749875930180e-14
7.678810749875930180e-14
7.705611516954793139e-14
1.422414434691399038e-13
1.422414434691399038e-13
7.701056165136142531e-14
7.673434786045049773e-14
7.673434786045049773e-14
7.697863508224079741e-14
7.669600224090276399e-14
7.669600224090276399e-14
7.694601345812947621e-14
7.666488291319144538e-14
7.666488291319144538e-14
1.122298598193751545e-11
7.256568498824770007e-13
7.256568498824770007e-13
7.696139977337892460e-14
1.093659656131246632e-13
1.093659656131246632e-13
7.685173741887441694e-14
7.657388279026975143e-14
7.657388279026975143e-14
7.682021377044009492e-14
7.654335634957244811e-14
7.654335634957244811e-14
7.678810749875930180e-14
7.651268873864808082e-14
7.651268873864808082e-14
1.422414434691399038e-13
7.386949336904891536e-11
7.386949336904891536e-11
7.673434786045049773e-14
7.879864082621716218e-14
7.879864082621716218e-14
7.669600224090276399e-14
7.642325085755758818e-14
7.642325085755758818e-14
7.666488291319144538e-14
7.639350538106070868e-14
7.639350538106070868e-14
7.256568498824770007e-13
7.636321726043068700e-14
7.636321726043068700e-14
1.093659656131246632e-13
2.089023221668706750e-12
2.089023221668706750e-12
7.657388279026975143e-14
7.663056627115799553e-14
7.663056627115799553e-14
7.654335634957244811e-14
7.627586425474383963e-14
7.627586425474383963e-14
7.651268873864808082e-14
7.624679467956856857e-14
7.624679467956856857e-14
7.386949336904891536e-11
7.621703918564262326e-14
7.621703918564262326e-14
7.879864082621716218e-14
9.556033340255078040e-13
9.556033340255078040e-13
7.642325085755758818e-14
7.616594935228831270e-14
7.616594935228831270e-14
7.639350538106070868e-14
7.613132096684264432e-14
7.613132096684264432e-14
7.636321726043068700e-14
7.610264519435664278e-14
7.610264519435664278e-14
2.089023221668706750e-12
7.607332869518873870e-14
7.607332869518873870e-14
7.663056627115799553e-14
5.814161461446670281e-13
5.814161461446670281e-13
7.627586425474383963e-14
7.601769854733568868e-14
7.601769854733568868e-14
7.624679467956856857e-14
7.598937693383218213e-14
7.598937693383218213e-14
7.621703918564262326e-14
7.596103979589993753e-14
7.596103979589993753e-14
9.556033340255078040e-13
9.339347223093090393e-13
9.339347223093090393e-13
7.616594935228831270e-14
7.643531364123336676e-14
7.643531364123336676e-14
7.613132096684264432e-14
7.587816513998769360e-14
7.587816513998769360e-14
7.610264519435664278e-14
7.584997508511071867e-14
7.584997508511071867e-14
7.607332869518873870e-14
7.582191566909030104e-14
7.582191566909030104e-14
5.814161461446670281e-13
3.343319171429345340e-11
3.343319171429345340e-11
7.601769854733568868e-14
7.630472789947965285e-14
7.630472789947965285e-14
7.598937693383218213e-14
7.574030531820300282e-14
7.574030531820300282e-14
7.596103979589993753e-14
7.571317941590962240e-14
7.571317941590962240e-14
9.339347223093090393e-13
7.568543541289540065e-14
7.568543541289540065e-14
7.643531364123336676e-14
8.237576916195086841e-14
8.237576916195086841e-14
7.587816513998769360e-14
7.565135149135728830e-14
7.565135149135728830e-14
7.584997508511071867e-14
7.560560009873992971e-14
7.560560009873992971e-14
7.582191566909030104e-14
7.557874484399081285e-14
7.557874484399081285e-14
3.343319171429345340e-11
1.689864353886357826e-13
1.689864353886357826e-13
7.630472789947965285e-14
1.225923522045887572e-13
1.225923522045887572e-13
7.574030531820300282e-14
7.549940265942046848e-14
7.549940265942046848e-14
7.571317941590962240e-14
7.547340900627962708e-14
7.547340900627962708e-14
7.568543541289540065e-14
7.544685078905224705e-14
7.544685078905224705e-14
8.237576916195086841e-14
2.528155228030340463e-11
2.528155228030340463e-11
7.565135149135728830e-14
7.554618453360871167e-14
7.554618453360871167e-14
7.560560009873992971e-14
7.536920433275813036e-14
7.536920433275813036e-14
7.557874484399081285e-14
7.534348891544994545e-14
7.534348891544994545e-14
1.689864353886357826e-13
7.531716790760353038e-14
7.531716790760353038e-14
1.225923522045887572e-13
8.093571300222284552e-13
8.093571300222284552e-13
7.549940265942046848e-14
7.531700868040931483e-14
7.547340900627962708e-14
7.524134883671137771e-14
7.524134883671137771e-14
7.544685078905224705e-14
7.521586282435519744e-14
7.521586282435519744e-14
2.528155228030340463e-11
1.796904873256014265e-13
1.796904873256014265e-13
7.554618453360871167e-14
1.123676314944865996e-13
7.536920433275813036e-14
7.514096289374968072e-14
7.514096289374968072e-14
7.534348891544994545e-14
7.511576645061891154e-14
7.511576645061891154e-14
7.531716790760353038e-14
7.509052405179773562e-14
7.509052405179773562e-14
8.093571300222284552e-13
5.802302535990751089e-12
5.802302535990751089e-12
7.531700868040931483e-14
7.568994789314177305e-14
7.568994789314177305e-14
7.524134883671137771e-14
7.501681356203113818e-14
7.521586282435519744e-14
7.499229972071947926e-14
7.499229972071947926e-14
1.796904873256014265e-13
7.496725131595995072e-14
7.496725131595995072e-14
1.123676314944865996e-13
1.048580297798358767e-12
1.048580297798358767e-12
7.514096289374968072e-14
7.495669742894847982e-14
7.495669742894847982e-14
7.511576645061891154e-14
7.489556764918449723e-14
7.489556764918449723e-14
7.509052405179773562e-14
7.487153875983524287e-14
5.802302535990751089e-12
7.484693884501582372e-14
7.484693884501582372e-14
7.568994789314177305e-14
8.515610198583418634e-14
8.515610198583418634e-14
7.501681356203113818e-14
7.483008017325896551e-14
7.499229972071947926e-14
7.477647398873452519e-14
7.477647398873452519e-14
7.496725131595995072e-14
7.475283794540795116e-14
1.048580297798358767e-12
7.472868444870172039e-14
7.495669742894847982e-14
2.677204438239194202e-13
2.677204438239194202e-13
7.489556764918449723e-14
7.469221940047453413e-14
7.469221940047453413e-14
7.487153875983524287e-14
7.465937630621255986e-14
7.465937630621255986e-14
7.484693884501582372e-14
7.463603549452706786e-14
7.463603549452706786e-14
8.515610198583418634e-14
8.975413172754629725e-14
8.975413172754629725e-14
7.483008017325896551e-14
1.067797613599978598e-13
1.067797613599978598e-13
7.477647398873452519e-14
7.456896276928834669e-14
7.456896276928834669e-14
7.475283794540795116e-14
7.454423050605637775e-14
7.454423050605637775e-14
7.472868444870172039e-14
7.452112336259461449e-14
7.452112336259461449e-14
2.677204438239194202e-13
3.987218529164469233e-11
3.987218529164469233e-11
7.469221940047453413e-14
7.723697177985175107e-14
7.723697177985175107e-14
7.465937630621255986e-14
7.445345264345185106e-14
7.445345264345185106e-14
7.463603549452706786e-14
7.443097132684262995e-14
8.975413172754629725e-14
7.440805419373403233e-14
7.440805419373403233e-14
1.067797613599978598e-13
3.630227825147240096e-12
3.630227825147240096e-12
7.456896276928834669e-14
7.440916153228239516e-14
7.440916153228239516e-14
7.454423050605637775e-14
7.434194251763278537e-14
7.434194251763278537e-14
7.452112336259461449e-14
7.431984528916562513e-14
7.431984528916562513e-14
3.987218529164469233e-11
7.429723232633415165e-14
7.723697177985175107e-14
8.229932019643261969e-13
8.229932019643261969e-13
7.445345264345185106e-14
7.425814046448632221e-14
7.425814046448632221e-14
7.443097132684262995e-14
7.423254563576892129e-14
7.423254563576892129e-14
7.440805419373403233e-14
7.421081612208363239e-14
7.421081612208363239e-14
3.630227825147240096e-12
7.418861865880845713e-14
7.440916153228239516e-14
5.561066148635823721e-13
5.561066148635823721e-13
7.434194251763278537e-14
7.415014756029535915e-14
7.431984528916562513e-14
7.412503153061284901e-14
7.412503153061284901e-14
7.429723232633415165e-14
7.410365969367357701e-14
8.229932019643261969e-13
7.408233361198638910e-14
7.408233361198638910e-14
7.425814046448632221e-14
2.651770897248884255e-13
2.651770897248884255e-13
7.423254563576892129e-14
7.404950667811847634e-14
7.404950667811847634e-14
7.421081612208363239e-14
7.401930278076784473e-14
7.401930278076784473e-14
7.418861865880845713e-14
7.399824617568631653e-14
7.399824617568631653e-14
5.561066148635823721e-13
7.407541849090673059e-14
7.407541849090673059e-14
7.415014756029535915e-14
2.179638367225164190e-13
2.179638367225164190e-13
7.412503153061284901e-14
7.393772128232223463e-14
7.393772128232223463e-14
7.410365969367357701e-14
7.391537530318474991e-14
7.391537530318474991e-14
7.408233361198638910e-14
7.389463413045276662e-14
7.389463413045276662e-14
2.651770897248884255e-13
8.675012447048386283e-14
8.675012447048386283e-14
7.404950667811847634e-14
1.169131783975771110e-13
1.169131783975771110e-13
7.401930278076784473e-14
7.383408536114939786e-14
7.383408536114939786e-14
7.399824617568631653e-14
7.381318408361784010e-14
7.381318408361784010e-14
7.407541849090673059e-14
7.379275188699454282e-14
7.379275188699454282e-14
2.179638367225164190e-13
2.753547516941111194e-12
2.753547516941111194e-12
7.393772128232223463e-14
7.889640061447759951e-14
7.889640061447759951e-14
7.391537530318474991e-14
7.373276485959377072e-14
7.389463413045276662e-14
7.371268398382363583e-14
8.675012447048386283e-14
7.369254395305442903e-14
7.369254395305442903e-14
1.169131783975771110e-13
2.438857138399013298e-10
2.438857138399013298e-10
7.383408536114939786e-14
8.324082098097671807e-14
7.381318408361784010e-14
7.363332318302390794e-14
7.363332318302390794e-14
7.379275188699454282e-14
7.361379218061732805e-14
7.361379218061732805e-14
2.753547516941111194e-12
7.359390096286448334e-14
7.359390096286448334e-14
7.889640061447759951e-14
6.274674438530976123e-11
6.274674438530976123e-11
7.373276485959377072e-14
7.402683197511501390e-14
7.371268398382363583e-14
7.353570730392207248e-14
7.353570730392207248e-14
7.369254395305442903e-14
7.351650556992795013e-14
7.351650556992795013e-14
2.438857138399013298e-10
7.349685697746302043e-14
7.349685697746302043e-14
8.324082098097671807e-14
1.254549954472296206e-11
1.254549954472296206e-11
7.363332318302390794e-14
7.350357191103307786e-14
7.350357191103307786e-14
7.361379218061732805e-14
7.343978576397955844e-14
7.343978576397955844e-14
7.359390096286448334e-14
7.342086513227553388e-14
6.274674438530976123e-11
7.340148513086522026e-14
7.340148513086522026e-14
7.402683197511501390e-14
3.054312135414685915e-12
3.054312135414685915e-12
7.353570730392207248e-14
7.337230106334765403e-14
7.337230106334765403e-14
7.351650556992795013e-14
7.334537806258376580e-14
7.334537806258376580e-14
7.349685697746302043e-14
7.332664962291111971e-14
7.332664962291111971e-14
1.254549954472296206e-11
7.331108042816677718e-14
7.331108042816677718e-14
7.350357191103307786e-14
3.333304405153870641e-13
7.343978576397955844e-14
7.327601718360366055e-14
7.342086513227553388e-14
7.325241585112447623e-14
7.325241585112447623e-14
7.340148513086522026e-14
7.323384230356360657e-14
7.323384230356360657e-14
3.054312135414685915e-12
2.020566139831233651e-10
2.020566139831233651e-10
7.337230106334765403e-14
8.732072319319742807e-14
8.732072319319742807e-14
7.334537806258376580e-14
7.317897433972236079e-14
7.317897433972236079e-14
7.332664962291111971e-14
7.316100075750749346e-14
7.316100075750749346e-14
7.331108042816677718e-14
7.314263771011943794e-14
7.314263771011943794e-14
3.333304405153870641e-13
5.372222406980974700e-12
5.372222406980974700e-12
7.327601718360366055e-14
7.510972093700837229e-14
7.510972093700837229e-14
7.325241585112447623e-14
7.308874427051082344e-14
7.308874427051082344e-14
7.323384230356360657e-14
7.307099472819651299e-14
7.307099472819651299e-14
2.020566139831233651e-10
7.305281548862401015e-14
7.305281548862401015e-14
9.730444385928251919e-14
8.732072319319742807e-14
9.730444385928251919e-14
7.319905380865405007e-14
7.317897433972236079e-14
7.319905380865405007e-14
7.299994833967937970e-14
7.316100075750749346e-14
7.299994833967937970e-14
7.298234833969923441e-14
7.314263771011943794e-14
7.298234833969923441e-14
7.296669245108627208e-14
5.372222406980974700e-12
7.296669245108627208e-14
9.327777574211930406e-14
7.510972093700837229e-14
9.327777574211930406e-14
7.293282749911693998e-14
7.308874427051082344e-14
7.293282749911693998e-14
7.291245781726268215e-14
7.307099472819651299e-14
7.291245781726268215e-14
7.289497208317195933e-14
7.305281548862401015e-14
7.289497208317195933e-14
3.771233521975172552e-13
9.730444385928251919e-14
3.771233521975172552e-13
7.993481695332859431e-14
7.319905380865405007e-14
7.993481695332859431e-14
7.284337781620751923e-14
7.299994833967937970e-14
7.284337781620751923e-14
7.282633767643164176e-14
7.298234833969923441e-14
7.282633767643164176e-14
7.280899333188499657e-14
7.296669245108627208e-14
7.280899333188499657e-14
2.535437035450717239e-12
9.327777574211930406e-14
2.535437035450717239e-12
7.296381255577287364e-14
7.293282749911693998e-14
7.296381255577287364e-14
7.275829403330049629e-14
7.291245781726268215e-14
7.275829403330049629e-14
7.274147267378226873e-14
7.289497208317195933e-14
7.274147267378226873e-14
7.272437035073125708e-14
3.771233521975172552e-13
7.272437035073125708e-14
4.411379098390508290e-13
7.993481695332859431e-14
4.411379098390508290e-13
7.269862720640393798e-14
7.284337781620751923e-14
7.269862720640393798e-14
7.267468183527289054e-14
7.282633767643164176e-14
7.267468183527289054e-14
7.265804013171523682e-14
7.280899333188499657e-14
7.265804013171523682e-14
8.280847387489621475e-14
2.535437035450717239e-12
8.280847387489621475e-14
9.648679946173167552e-14
7.296381255577287364e-14
9.648679946173167552e-14
7.260917533689267640e-14
7.275829403330049629e-14
7.260917533689267640e-14
7.259232183371555051e-14
7.274147267378226873e-14
7.259232183371555051e-14
7.257584062026119447e-14
7.272437035073125708e-14
7.257584062026119447e-14
1.267700033084552115e-10
4.411379098390508290e-13
1.267700033084552115e-10
7.525351537450443145e-14
7.269862720640393798e-14
7.525351537450443145e-14
7.252748926369972809e-14
7.267468183527289054e-14
7.252748926369972809e-14
7.251130784942586830e-14
7.265804013171523682e-14
7.251130784942586830e-14
7.249505251429087601e-14
8.280847387489621475e-14
7.249505251429087601e-14
1.098884886308088407e-10
9.648679946173167552e-14
1.098884886308088407e-10
7.572980592444805826e-14
7.260917533689267640e-14
7.572980592444805826e-14
7.244717714945317591e-14
7.259232183371555051e-14
7.244717714945317591e-14
7.243142177489847436e-14
7.257584062026119447e-14
7.243142177489847436e-14
7.241532777711163398e-14
1.267700033084552115e-10
7.241532777711163398e-14
7.890598307036648514e-13
7.525351537450443145e-14
7.890598307036648514e-13
7.253849049002776611e-14
7.252748926369972809e-14
7.253849049002776611e-14
7.236825441843918553e-14
7.251130784942586830e-14
7.236825441843918553e-14
7.235265556905222048e-14
7.249505251429087601e-14
7.235265556905222048e-14
7.233671218063019847e-14
1.098884886308088407e-10
7.233671218063019847e-14
8.801788762852326831e-14
7.572980592444805826e-14
8.801788762852326831e-14
7.232829134908057264e-14
7.244717714945317591e-14
7.232829134908057264e-14
7.229047284464166755e-14
7.243142177489847436e-14
7.229047284464166755e-14
7.227497341941742470e-14
7.241532777711163398e-14
7.227497341941742470e-14
9.236942920384166272e-13
7.890598307036648514e-13
9.236942920384166272e-13
7.239852156624926202e-14
7.253849049002776611e-14
7.239852156624926202e-14
7.223007614294609962e-14
7.236825441843918553e-14
7.223007614294609962e-14
7.235265556905222048e-14
7.219874481480021363e-14
7.221401416322625080e-14
7.233671218063019847e-14
7.219874481480021363e-14
3.639044213972960092e-12
8.801788762852326831e-14
8.587750159342281005e-14
3.639044213972960092e-12
7.232829134908057264e-14
7.215403765960763571e-14
8.587750159342281005e-14
7.229047284464166755e-14
7.213863679426378381e-14
7.215403765960763571e-14
7.227497341941742470e-14
7.212355713098710616e-14
7.213863679426378381e-14
9.236942920384166272e-13
3.370707868206872257e-10
7.212355713098710616e-14
7.239852156624926202e-14
8.245555004861654084e-14
3.370707868206872257e-10
7.223007614294609962e-14
7.207889310679185997e-14
8.245555004861654084e-14
7.221401416322625080e-14
7.207889310679185997e-14
7.206434417302670457e-14
7.219874481480021363e-14
7.204943557345910335e-14
7.206434417302670457e-14
3.639044213972960092e-12
1.695833277701925071e-10
7.204943557345910335e-14
8.587750159342281005e-14
7.473183327298201446e-14
1.695833277701925071e-10
7.215403765960763571e-14
7.200573915694134429e-14
7.473183327298201446e-14
7.213863679426378381e-14
7.200573915694134429e-14
7.199130982720342218e-14
7.212355713098710616e-14
7.197668092395052485e-14
3.370707868206872257e-10
1.670773920512843191e-10
7.197668092395052485e-14
8.245555004861654084e-14
1.670773920512843191e-10
8.078229079222582163e-14
7.207889310679185997e-14
8.078229079222582163e-14
7.193349473786111532e-14
7.206434417302670457e-14
7.193349473786111532e-14
7.191921192683099373e-14
7.204943557345910335e-14
7.190478281702758035e-14
7.191921192683099373e-14
1.695833277701925071e-10
5.170671230759075515e-10
7.190478281702758035e-14
7.473183327298201446e-14
5.170671230759075515e-10
8.422222430553012964e-14
7.200573915694134429e-14
7.186244609392823933e-14
8.422222430553012964e-14
7.199130982720342218e-14
7.184816398480710105e-14
7.186244609392823933e-14
7.197668092395052485e-14
7.184816398480710105e-14
7.183393918960025661e-14
1.670773920512843191e-10
1.313723789362951644e-11
7.183393918960025661e-14
8.078229079222582163e-14
7.282564834263746009e-14
1.313723789362951644e-11
7.193349473786111532e-14
7.282564834263746009e-14
7.191921192683099373e-14
7.177805322030543895e-14
7.179194547572348978e-14
7.190478281702758035e-14
7.176397807469490902e-14
5.170671230759075515e-10
1.561039351588165702e-11
7.176397807469490902e-14
8.422222430553012964e-14
1.561039351588165702e-11
7.228184949408303262e-14
7.186244609392823933e-14
7.172254590994318961e-14
7.228184949408303262e-14
7.184816398480710105e-14
7.170886344832583443e-14
7.172254590994318961e-14
7.183393918960025661e-14
7.169489666306358917e-14
7.170886344832583443e-14
1.313723789362951644e-11
1.307918048254802217e-12
7.282564834263746009e-14
7.178584740579259854e-14
1.307918048254802217e-12
7.179194547572348978e-14
7.165413416066008397e-14
7.178584740579259854e-14
7.177805322030543895e-14
7.164058668058827549e-14
7.165413416066008397e-14
7.176397807469490902e-14
7.164058668058827549e-14
7.164993443144480533e-14
1.561039351588165702e-11
2.425510874896567417e-13
7.164993443144480533e-14
7.228184949408303262e-14
7.160327456541760285e-14
2.425510874896567417e-13
7.172254590994318961e-14
7.158672269601621545e-14
7.160327456541760285e-14
7.170886344832583443e-14
7.157328216774838796e-14
7.158672269601621545e-14
7.169489666306358917e-14
2.829276600924034598e-10
7.157328216774838796e-14
1.307918048254802217e-12
7.361497218591171018e-14
2.829276600924034598e-10
7.178584740579259854e-14
7.361497218591171018e-14
7.153323790153271251e-14
7.165413416066008397e-14
7.153323790153271251e-14
7.152018553098393426e-14
7.164058668058827549e-14
7.150681450047753736e-14
7.152018553098393426e-14
7.164993443144480533e-14
5.931293554633419983e-13
7.150681450047753736e-14
7.187479658838093887e-14
2.425510874896567417e-13
5.931293554633419983e-13
7.146751185412169926e-14
7.160327456541760285e-14
7.187479658838093887e-14
7.145449488806469495e-14
7.158672269601621545e-14
7.146751185412169926e-14
7.144142410374748258e-14
7.157328216774838796e-14
7.145449488806469495e-14
8.642028571349522172e-14
2.829276600924034598e-10
7.144142410374748258e-14
7.141728019150363112e-14
7.361497218591171018e-14
8.642028571349522172e-14
7.140274234717496039e-14
7.153323790153271251e-14
7.141728019150363112e-14
7.138989200489011063e-14
7.152018553098393426e-14
7.140274234717496039e-14
7.137998827691063452e-14
7.150681450047753736e-14
7.138989200489011063e-14
3.244961435179266900e-13
5.931293554633419983e-13
7.137998827691063452e-14
7.135330903720198372e-14
7.187479658838093887e-14
3.244961435179266900e-13
7.133894232237862696e-14
7.146751185412169926e-14
7.135330903720198372e-14
7.132630499348018460e-14
7.145449488806469495e-14
7.133894232237862696e-14
7.131339317940593012e-14
7.144142410374748258e-14
7.132630499348018460e-14
3.410257035818938024e-13
8.642028571349522172e-14
7.131339317940593012e-14
7.130111279627882139e-14
7.141728019150363112e-14
3.410257035818938024e-13
7.127594489170366484e-14
7.140274234717496039e-14
7.130111279627882139e-14
7.126346678686753402e-14
7.138989200489011063e-14
7.127594489170366484e-14
7.125068289368993261e-14
7.137998827691063452e-14
7.126346678686753402e-14
6.361809268176655301e-13
3.244961435179266900e-13
7.125068289368993261e-14
7.122598298554814436e-14
7.135330903720198372e-14
6.361809268176655301e-13
7.121391664562151939e-14
7.133894232237862696e-14
7.122598298554814436e-14
7.120171736342068600e-14
7.132630499348018460e-14
7.121391664562151939e-14
7.118921231297650053e-14
7.131339317940593012e-14
7.120171736342068600e-14
1.423353350604237326e-11
3.410257035818938024e-13
7.118921231297650053e-14
7.160153036886908236e-14
7.130111279627882139e-14
1.423353350604237326e-11
7.115264303467207988e-14
7.127594489170366484e-14
7.160153036886908236e-14
7.114062340421518840e-14
7.126346678686753402e-14
7.115264303467207988e-14
7.112831388939168844e-14
7.125068289368993261e-14
7.114062340421518840e-14
2.506413075667590672e-11
6.361809268176655301e-13
7.112831388939168844e-14
7.197195191013741838e-14
7.122598298554814436e-14
2.506413075667590672e-11
7.109217140318288042e-14
7.121391664562151939e-14
7.197195191013741838e-14
7.108029392817800982e-14
7.120171736342068600e-14
7.109217140318288042e-14
7.106814550394689490e-14
7.118921231297650053e-14
7.108029392817800982e-14
1.320021928238002955e-11
1.423353350604237326e-11
7.106814550394689490e-14
7.138579716808613212e-14
7.160153036886908236e-14
1.320021928238002955e-11
7.103241770732115129e-14
7.115264303467207988e-14
7.138579716808613212e-14
7.102068207649425184e-14
7.114062340421518840e-14
7.103241770732115129e-14
7.100865119252375224e-14
7.112831388939168844e-14
7.102068207649425184e-14
2.163441347074833173e-12
2.506413075667590672e-11
7.100865119252375224e-14
7.108986102395137869e-14
7.197195191013741838e-14
2.163441347074833173e-12
7.097347114190138447e-14
7.109217140318288042e-14
7.108986102395137869e-14
7.096184167481011987e-14
7.108029392817800982e-14
7.097347114190138447e-14
7.094992883048976761e-14
7.106814550394689490e-14
7.096184167481011987e-14
8.822492353788554299e-13
1.320021928238002955e-11
7.094992883048976761e-14
7.095452796936553538e-14
7.138579716808613212e-14
8.822492353788554299e-13
7.091525439219215605e-14
7.103241770732115129e-14
7.095452796936553538e-14
7.090370445596891917e-14
7.102068207649425184e-14
7.091525439219215605e-14
8.443395564160620982e-14
7.100865119252375224e-14
7.090370445596891917e-14
1.305335383071399585e-13
2.163441347074833173e-12
7.086980669909772490e-14
8.443395564160620982e-14
7.108986102395137869e-14
1.305335383071399585e-13
7.085774195536294620e-14
7.097347114190138447e-14
7.086980669909772490e-14
7.084624115238095165e-14
7.096184167481011987e-14
2.413787203278124397e-12
7.085774195536294620e-14
7.094992883048976761e-14
7.085850338185400155e-14
7.084624115238095165e-14
8.822492353788554299e-13
7.081210519469874397e-14
2.413787203278124397e-12
7.095452796936553538e-14
7.085850338185400155e-14
7.091525439219215605e-14
7.081210519469874397e-14
7.090370445596891917e-14
1.474634326960163921e-13
7.080090073706721458e-14
8.443395564160620982e-14
7.078942765452047062e-14
7.078283183490228984e-14
1.305335383071399585e-13
1.474634326960163921e-13
7.075600820235784734e-14
7.086980669909772490e-14
7.074494269943216535e-14
7.078283183490228984e-14
7.085774195536294620e-14
7.073360398150287776e-14
7.075600820235784734e-14
7.084624115238095165e-14
9.490984465708635783e-13
7.074494269943216535e-14
2.413787203278124397e-12
7.073360398150287776e-14
7.085850338185400155e-14
7.070059695572782995e-14
9.490984465708635783e-13
7.081210519469874397e-14
7.068962252134229871e-14
7.071886892259361915e-14
7.080090073706721458e-14
7.070059695572782995e-14
7.067980376090339616e-14
7.078942765452047062e-14
7.068962252134229871e-14
2.445453935471923882e-13
1.474634326960163921e-13
7.065649370918188240e-14
7.067980376090339616e-14
7.078283183490228984e-14
7.064596599998268408e-14
2.445453935471923882e-13
7.075600820235784734e-14
7.065649370918188240e-14
7.074494269943216535e-14
7.062410496761445054e-14
7.064596599998268408e-14
7.073360398150287776e-14
7.783837506668521740e-13
7.063516932269155048e-14
9.490984465708635783e-13
7.062410496761445054e-14
7.060695038528168091e-14
7.071886892259361915e-14
7.783837506668521740e-13
7.059199055008911781e-14
7.070059695572782995e-14
7.060695038528168091e-14
7.058133418476825108e-14
7.068962252134229871e-14
7.057041625567005619e-14
7.059199055008911781e-14
7.067980376090339616e-14
4.072227375809141275e-13
7.058133418476825108e-14
2.445453935471923882e-13
7.057115701863532670e-14
7.057041625567005619e-14
7.065649370918188240e-14
7.053866149008252866e-14
4.072227375809141275e-13
7.064596599998268408e-14
7.057115701863532670e-14
7.052811287862300464e-14
7.063516932269155048e-14
7.053866149008252866e-14
7.051830187328590557e-14
7.062410496761445054e-14
7.052811287862300464e-14
4.006149191903969444e-13
7.783837506668521740e-13
7.050677672131581411e-14
7.051830187328590557e-14
7.060695038528168091e-14
7.048598643746651443e-14
4.006149191903969444e-13
7.059199055008911781e-14
7.047554262425342842e-14
7.050677672131581411e-14
7.058133418476825108e-14
7.161703967405108466e-14
7.048598643746651443e-14
7.057041625567005619e-14
7.199635523238303909e-14
7.047554262425342842e-14
4.072227375809141275e-13
7.044569708617511854e-14
7.161703967405108466e-14
7.057115701863532670e-14
7.199635523238303909e-14
7.043392212253421574e-14
7.053866149008252866e-14
7.044569708617511854e-14
7.042355125500109498e-14
7.052811287862300464e-14
4.499197496445498473e-10
7.043392212253421574e-14
7.051830187328590557e-14
7.343617807368439934e-14
7.042355125500109498e-14
4.006149191903969444e-13
7.039262167954941376e-14
4.499197496445498473e-10
7.050677672131581411e-14
7.038245831037289113e-14
7.343617807368439934e-14
7.048598643746651443e-14
7.037213734623281306e-14
7.039262167954941376e-14
7.047554262425342842e-14
7.038245831037289113e-14
7.161703967405108466e-14
7.037213734623281306e-14
7.035758539485062082e-14
7.199635523238303909e-14
1.299466711257388317e-11
7.034161671699729793e-14
7.044569708617511854e-14
7.033156174743485765e-14
7.035758539485062082e-14
7.043392212253421574e-14
7.032129437553016981e-14
7.034161671699729793e-14
7.042355125500109498e-14
6.091979302321678742e-13
7.033156174743485765e-14
4.499197496445498473e-10
7.031207504471970841e-14
7.032129437553016981e-14
7.343617807368439934e-14
7.029131076406755001e-14
6.091979302321678742e-13
7.039262167954941376e-14
7.028135100048527672e-14
7.031207504471970841e-14
7.038245831037289113e-14
7.029131076406755001e-14
7.070281504498418952e-14
7.037213734623281306e-14
7.028135100048527672e-14
1.629980214196821389e-13
1.299466711257388317e-11
7.025149392018647377e-14
7.070281504498418952e-14
7.035758539485062082e-14
7.024161019107968027e-14
1.629980214196821389e-13
7.034161671699729793e-14
7.023171670263695795e-14
7.025149392018647377e-14
7.033156174743485765e-14
3.905716060111522410e-10
7.024161019107968027e-14
7.032129437553016981e-14
8.342214821589425749e-14
7.023171670263695795e-14
6.091979302321678742e-13
3.905716060111522410e-10
7.020239563470999758e-14
7.031207504471970841e-14
8.342214821589425749e-14
7.019246750455251246e-14
7.029131076406755001e-14
7.018262456484487255e-14
7.020239563470999758e-14
7.028135100048527672e-14
4.007048834212220599e-11
7.019246750455251246e-14
7.070281504498418952e-14
7.128370584200981759e-14
7.018262456484487255e-14
1.629980214196821389e-13
7.015351016371888781e-14
4.007048834212220599e-11
7.025149392018647377e-14
7.014398385359902212e-14
7.128370584200981759e-14
7.024161019107968027e-14
7.013424758936646316e-14
7.015351016371888781e-14
7.023171670263695795e-14
7.014398385359902212e-14
1.387417750526171438e-11
3.905716060111522410e-10
7.013424758936646316e-14
7.087279291461630901e-14
8.342214821589425749e-14
7.010550515746706113e-14
1.387417750526171438e-11
7.009609996431683704e-14
7.020239563470999758e-14
7.087279291461630901e-14
7.008648766313773438e-14
7.019246750455251246e-14
7.010550515746706113e-14
3.088652013336565580e-13
7.018262456484487255e-14
7.009609996431683704e-14
7.101920961992566745e-14
4.007048834212220599e-11
7.008648766313773438e-14
7.005801286199252511e-14
7.128370584200981759e-14
3.088652013336565580e-13
7.004871220978621738e-14
7.015351016371888781e-14
7.101920961992566745e-14
7.003918130391665303e-14
7.014398385359902212e-14
7.005801286199252511e-14
1.427083764254644682e-11
7.013424758936646316e-14
7.004871220978621738e-14
7.046183275194179381e-14
1.387417750526171438e-11
7.003918130391665303e-14
7.001113942539128649e-14
7.087279291461630901e-14
1.427083764254644682e-11
7.000196351883510311e-14
7.010550515746706113e-14
7.046183275194179381e-14
6.999256586115911008e-14
7.009609996431683704e-14
7.001113942539128649e-14
2.856099701170984649e-11
7.008648766313773438e-14
7.000196351883510311e-14
7.084590681910338471e-14
3.088652013336565580e-13
6.999256586115911008e-14
6.996480331542454270e-14
7.101920961992566745e-14
2.856099701170984649e-11
6.995572168782188997e-14
7.005801286199252511e-14
7.084590681910338471e-14
6.994643726533913248e-14
7.004871220978621738e-14
6.996480331542454270e-14
2.912204880717644977e-11
7.003918130391665303e-14
6.995572168782188997e-14
7.036719250239960583e-14
1.427083764254644682e-11
6.994643726533913248e-14
6.991894838735845371e-14
7.046183275194179381e-14
2.912204880717644977e-11
6.990998483373476414e-14
7.001113942539128649e-14
7.036719250239960583e-14
6.990079221302073618e-14
7.000196351883510311e-14
6.991894838735845371e-14
1.126241319733992336e-11
6.999256586115911008e-14
6.990998483373476414e-14
7.019990414155016997e-14
2.856099701170984649e-11
6.990079221302073618e-14
6.987363282767879304e-14
7.084590681910338471e-14
1.126241319733992336e-11
6.986471416824255051e-14
6.996480331542454270e-14
7.019990414155016997e-14
6.985558033663508755e-14
6.995572168782188997e-14
6.987363282767879304e-14
5.572899544367737666e-13
6.994643726533913248e-14
6.986471416824255051e-14
6.986404015523222245e-14
2.912204880717644977e-11
6.985558033663508755e-14
6.982878940470551206e-14
7.036719250239960583e-14
5.572899544367737666e-13
6.981991294170486651e-14
6.991894838735845371e-14
6.986404015523222245e-14
9.586072411884114148e-14
6.990998483373476414e-14
6.982878940470551206e-14
7.617754358225185143e-14
6.990079221302073618e-14
6.981991294170486651e-14
6.979505246075601980e-14
1.126241319733992336e-11
9.586072411884114148e-14
6.978443589911971324e-14
7.019990414155016997e-14
7.617754358225185143e-14
6.977558654473918258e-14
6.987363282767879304e-14
6.979505246075601980e-14
7.004513562036343502e-14
6.986471416824255051e-14
6.978443589911971324e-14
6.997921198237441006e-14
6.985558033663508755e-14
6.977558654473918258e-14
6.974918347143637340e-14
5.572899544367737666e-13
7.004513562036343502e-14
6.974062599853272082e-14
6.986404015523222245e-14
6.997921198237441006e-14
6.973184766682790837e-14
6.982878940470551206e-14
6.974918347143637340e-14
4.142306354313368706e-11
6.981991294170486651e-14
6.974062599853272082e-14
7.041219206536045464e-14
9.586072411884114148e-14
6.973184766682790837e-14
6.970581041105235513e-14
7.617754358225185143e-14
4.142306354313368706e-11
6.969735524591420879e-14
6.979505246075601980e-14
7.041219206536045464e-14
6.968868275408481299e-14
6.978443589911971324e-14
6.970581041105235513e-14
4.176603804673423975e-11
6.977558654473918258e-14
6.969735524591420879e-14
6.982709984474203443e-14
7.004513562036343502e-14
6.968868275408481299e-14
6.966292481471857337e-14
6.997921198237441006e-14
4.176603804673423975e-11
6.965450493331035699e-14
6.974918347143637340e-14
6.982709984474203443e-14
6.964589793825728824e-14
6.974062599853272082e-14
6.966292481471857337e-14
4.510027232352410660e-13
6.973184766682790837e-14
6.965450493331035699e-14
6.968212860731426901e-14
4.142306354313368706e-11
6.964589793825728824e-14
6.962045373705411058e-14
7.041219206536045464e-14
4.510027232352410660e-13
6.961211700065240390e-14
6.970581041105235513e-14
6.968212860731426901e-14
6.960356653567424625e-14
6.969735524591420879e-14
6.962045373705411058e-14
5.524171685731509299e-12
6.968868275408481299e-14
6.961211700065240390e-14
6.971734373796833005e-14
4.176603804673423975e-11
6.960356653567424625e-14
6.957856300803477410e-14
6.982709984474203443e-14
5.524171685731509299e-12
6.957042793517296238e-14
6.966292481471857337e-14
6.971734373796833005e-14
6.956208588898857680e-14
6.965450493331035699e-14
6.957856300803477410e-14
2.749948389483791285e-10
6.964589793825728824e-14
8.572771243231401421e-14
6.957042793517296238e-14
4.510027232352410660e-13
6.953727356937822273e-14
6.956208588898857680e-14
6.968212860731426901e-14
2.749948389483791285e-10
6.962045373705411058e-14
8.572771243231401421e-14
6.952084925461969582e-14
6.961211700065240390e-14
7.912862166120959359e-14
6.953727356937822273e-14
6.960356653567424625e-14
6.952906154229556938e-14
1.413406831739171886e-13
5.524171685731509299e-12
6.952084925461969582e-14
6.949836888757990322e-14
6.971734373796833005e-14
6.948811652533044733e-14
7.912862166120959359e-14
6.957856300803477410e-14
6.948000641251270636e-14
1.413406831739171886e-13
6.957042793517296238e-14
6.987543385517559141e-14
6.949836888757990322e-14
6.956208588898857680e-14
1.292396295837249828e-13
6.948811652533044733e-14
2.749948389483791285e-10
6.945760491293950273e-14
6.948000641251270636e-14
8.572771243231401421e-14
6.944760642863538451e-14
6.987543385517559141e-14
6.953727356937822273e-14
1.292396295837249828e-13
6.943958906517933265e-14
6.952906154229556938e-14
7.004335738239573465e-14
6.952084925461969582e-14
6.955549993723634405e-14
6.944760642863538451e-14
7.912862166120959359e-14
6.941885871164423337e-14
6.943958906517933265e-14
6.940749658266018775e-14
1.413406831739171886e-13
7.004335738239573465e-14
6.939953914528668445e-14
6.949836888757990322e-14
6.955549993723634405e-14
4.725193221005695906e-13
6.948811652533044733e-14
6.941885871164423337e-14
8.354994501113210064e-14
6.948000641251270636e-14
6.940749658266018775e-14
6.987543385517559141e-14
6.937676354675621088e-14
6.939953914528668445e-14
6.936784584054095195e-14
1.292396295837249828e-13
4.725193221005695906e-13
6.935997963303836354e-14
6.945760491293950273e-14
8.354994501113210064e-14
5.536097577939537790e-13
6.944760642863538451e-14
6.937676354675621088e-14
1.067224800020033851e-13
6.943958906517933265e-14
6.936784584054095195e-14
6.933748607103064760e-14
6.935997963303836354e-14
7.004335738239573465e-14
6.932858824687488634e-14
5.536097577939537790e-13
6.955549993723634405e-14
6.932077785277726241e-14
1.067224800020033851e-13
6.941885871164423337e-14
2.011935944280269335e-10
6.933748607103064760e-14
6.940749658266018775e-14
7.881055469475717857e-14
6.932858824687488634e-14
6.939953914528668445e-14
6.929734889141762212e-14
4.725193221005695906e-13
6.932077785277726241e-14
6.928974566140547152e-14
8.354994501113210064e-14
2.011935944280269335e-10
6.928199331839948021e-14
7.881055469475717857e-14
6.937676354675621088e-14
9.663473073303332907e-11
6.929734889141762212e-14
6.936784584054095195e-14
7.179971928167530788e-14
6.928974566140547152e-14
6.935997963303836354e-14
6.925890290782559330e-14
6.928199331839948021e-14
5.536097577939537790e-13
6.925131036614197546e-14
9.663473073303332907e-11
1.067224800020033851e-13
6.924361709711105151e-14
7.179971928167530788e-14
6.933748607103064760e-14
2.160673313384121713e-11
6.925890290782559330e-14
6.932858824687488634e-14
6.933678437090459721e-14
6.925131036614197546e-14
6.932077785277726241e-14
6.922070651492598322e-14
6.924361709711105151e-14
2.011935944280269335e-10
6.921324133737833387e-14
2.160673313384121713e-11
7.881055469475717857e-14
6.920558412737972037e-14
6.933678437090459721e-14
6.929734889141762212e-14
3.783640729509278412e-12
6.922070651492598322e-14
6.928974566140547152e-14
6.922773120420542722e-14
6.921324133737833387e-14
6.928199331839948021e-14
6.918301973875391911e-14
6.920558412737972037e-14
9.663473073303332907e-11
6.917563015734300866e-14
3.783640729509278412e-12
7.179971928167530788e-14
6.916805060793180172e-14
6.922773120420542722e-14
6.925890290782559330e-14
2.144879161686151582e-12
6.918301973875391911e-14
6.925131036614197546e-14
6.915303481938721936e-14
6.917563015734300866e-14
6.924361709711105151e-14
6.914570266646829471e-14
6.916805060793180172e-14
2.160673313384121713e-11
2.144879161686151582e-12
6.913835904294687014e-14
6.933678437090459721e-14
6.915303481938721936e-14
6.913106791433859278e-14
6.922070651492598322e-14
6.914570266646829471e-14
5.021641428965137130e-13
6.921324133737833387e-14
6.911911076660795547e-14
6.913835904294687014e-14
6.920558412737972037e-14
6.910875138050304322e-14
6.913106791433859278e-14
3.783640729509278412e-12
6.910143840928804520e-14
5.021641428965137130e-13
6.922773120420542722e-14
1.010872913823560246e-12
6.911911076660795547e-14
6.918301973875391911e-14
6.910875138050304322e-14
7.603485085003320907e-14
6.917563015734300866e-14
6.910143840928804520e-14
6.908041174138898761e-14
6.916805060793180172e-14
1.010872913823560246e-12
6.907215157365481639e-14
2.144879161686151582e-12
6.906485173941554733e-14
7.603485085003320907e-14
6.915303481938721936e-14
1.282141936171214656e-11
6.908041174138898761e-14
6.914570266646829471e-14
6.992113225701963446e-14
6.913835904294687014e-14
6.904302688436760042e-14
6.906485173941554733e-14
6.913106791433859278e-14
6.903590602309019259e-14
1.282141936171214656e-11
5.021641428965137130e-13
6.992113225701963446e-14
6.902861962966296822e-14
6.911911076660795547e-14
6.904302688436760042e-14
1.531085796148560625e-13
6.910875138050304322e-14
6.903590602309019259e-14
6.901450763118981542e-14
6.910143840928804520e-14
6.900710400046187329e-14
6.902861962966296822e-14
1.010872913823560246e-12
6.900001181487862397e-14
1.531085796148560625e-13
7.603485085003320907e-14
6.900001181394826035e-14
6.901450763118981542e-14
6.908041174138898761e-14
6.900001181811430421e-14
6.900710400046187329e-14
6.907215157365481639e-14
6.900001181272730562e-14
6.900001181487862397e-14
6.906485173941554733e-14
6.900001181095451428e-14
6.900001181394826035e-14
1.282141936171214656e-11
6.900001181285092328e-14
6.900001181811430421e-14
6.992113225701963446e-14
6.900001181423758929e-14
6.900001181272730562e-14
6.904302688436760042e-14
6.900001181317771364e-14
6.900001181095451428e-14
6.903590602309019259e-14
6.900001180892677572e-14
6.900001181285092328e-14
6.902861962966296822e-14
6.900001180847735220e-14
6.900001181423758929e-14
1.531085796148560625e-13
6.900001181003930941e-14
6.900001181317771364e-14
6.901450763118981542e-14
6.900001181555682978e-14
6.900001180892677572e-14
6.900710400046187329e-14
6.900001180847735220e-14
6.900001181133113541e-14
6.900001181487862397e-14
6.900001181311488245e-14
6.900001181003930941e-14
6.900001181394826035e-14
6.900001180885234512e-14
6.900001181555682978e-14
6.900001181811430421e-14
6.900001181134581453e-14
6.900001181133113541e-14
6.900001181272730562e-14
6.900001181089682015e-14
6.900001181311488245e-14
6.900001181095451428e-14
6.900001181311521061e-14
6.900001180885234512e-14
6.900001181285092328e-14
6.900001181031207858e-14
6.900001181134581453e-14
6.900001181423758929e-14
6.900001181089682015e-14
6.900001180648793335e-14
6.900001181317771364e-14
6.900001181311521061e-14
6.900001180443079868e-14
6.900001180892677572e-14
6.900001180511272791e-14
6.900001181031207858e-14
6.900001180847735220e-14
6.900001181056230526e-14
6.900001180648793335e-14
6.900001181003930941e-14
6.900001180759994955e-14
6.900001180443079868e-14
6.900001181555682978e-14
6.900001180723680847e-14
6.900001180511272791e-14
6.900001181133113541e-14
6.900001181199866320e-14
6.900001181056230526e-14
6.900001181311488245e-14
6.900001180759994955e-14
6.900001180772900719e-14
6.900001180885234512e-14
6.900001180723680847e-14
6.900001180445286154e-14
6.900001181134581453e-14
6.900001181199866320e-14
6.900001180728636156e-14
6.900001181089682015e-14
6.900001180772900719e-14
6.900001180305382619e-14
6.900001181311521061e-14
6.900001180475010433e-14
6.900001180445286154e-14
6.900001181031207858e-14
6.900001180364776903e-14
6.900001180728636156e-14
6.900001180618961771e-14
6.900001180648793335e-14
6.900001180305382619e-14
6.900001180475010433e-14
6.900001180443079868e-14
6.900001180364776903e-14
6.900001180511272791e-14
6.900001180901762726e-14
6.900001180618961771e-14
6.900001181056230526e-14
6.900001180734474989e-14
6.900001180377656162e-14
6.900001180759994955e-14
6.900001180579796405e-14
6.900001180901762726e-14
6.900001180723680847e-14
6.900001180624360104e-14
6.900001181199866320e-14
6.900001180734474989e-14
6.900001180579816599e-14
6.900001180772900719e-14
6.900001180579796405e-14
6.900001180544668744e-14
6.900001180371841310e-14
6.900001180624360104e-14
6.900001180445286154e-14
6.900001180579816599e-14
6.900001180728636156e-14
6.900001180544668744e-14
6.900001180305382619e-14
6.900001180371841310e-14
6.900001180475010433e-14
6.900001180172706312e-14
6.900001180691887859e-14
6.900001180364776903e-14
6.900001179997969204e-14
6.900001180287502613e-14
6.900001180618961771e-14
6.900001180114417695e-14
6.900001180377656162e-14
6.900001180172706312e-14
6.900001180295319278e-14
6.900001180901762726e-14
6.900001179997969204e-14
6.900001180144525676e-14
6.900001180114417695e-14
6.900001180199673996e-14
6.900001180734474989e-14
6.900001180107251052e-14
6.900001180295319278e-14
6.900001180579796405e-14
6.900001179823234620e-14
6.900001180144525676e-14
6.900001180624360104e-14
6.900001180199673996e-14
6.900001180579816599e-14
6.900001180049862368e-14
6.900001180107251052e-14
6.900001180544668744e-14
6.900001179757501681e-14
6.900001179823234620e-14
6.900001179939723501e-14
6.900001180371841310e-14
6.900001180185402555e-14
6.900001180691887859e-14
6.900001180049862368e-14
6.900001180075080673e-14
6.900001179757501681e-14
6.900001180287502613e-14
6.900001179808103637e-14
6.900001179939723501e-14
6.900001180172706312e-14
6.900001179775244109e-14
6.900001180185402555e-14
6.900001179997969204e-14
6.900001180075080673e-14
6.900001179692113316e-14
6.900001180114417695e-14
6.900001179808103637e-14
6.900001180019628169e-14
6.900001180295319278e-14
6.900001179775244109e-14
6.900001179966759342e-14
6.900001180144525676e-14
6.900001179480082651e-14
6.900001179692113316e-14
6.900001180199673996e-14
6.900001179655079768e-14
6.900001180019628169e-14
6.900001180107251052e-14
6.900001179896026918e-14
6.900001179966759342e-14
6.900001179823234620e-14
6.900001179530659363e-14
6.900001179480082651e-14
6.900001180049862368e-14
6.900001179598896463e-14
6.900001179655079768e-14
6.900001179757501681e-14
6.900001179896026918e-14
6.900001179460961925e-14
6.900001179939723501e-14
6.900001179530659363e-14
6.900001179235401979e-14
6.900001180185402555e-14
6.900001179598896463e-14
6.900001179890439259e-14
6.900001180075080673e-14
6.900001179547742935e-14
6.900001179460961925e-14
6.900001179808103637e-14
6.900001179528781243e-14
6.900001179235401979e-14
6.900001179775244109e-14
6.900001179415281199e-14
6.900001179890439259e-14
6.900001179692113316e-14
6.900001179483955011e-14
6.900001179547742935e-14
6.900001180019628169e-14
6.900001179871286978e-14
6.900001179528781243e-14
6.900001179966759342e-14
6.900001179415281199e-14
6.900001178928374791e-14
6.900001179480082651e-14
6.900001179483955011e-14
6.900001179301454250e-14
6.900001179655079768e-14
6.900001179871286978e-14
6.900001179896026918e-14
6.900001179331088914e-14
6.900001178928374791e-14
6.900001179530659363e-14
6.900001179400644989e-14
6.900001179301454250e-14
6.900001179598896463e-14
6.900001179248644745e-14
6.900001179250419367e-14
6.900001179460961925e-14
6.900001179269319212e-14
6.900001179331088914e-14
6.900001179235401979e-14
