1.167506736190973428e-12
1.167506736190973428e-12
1.167506736190973428e-12
7.438944346952375508e-13
7.438944346952375508e-13
7.438944346952375508e-13
7.437209808585047123e-13
7.437209808585047123e-13
7.437209808585047123e-13
7.162566502475554111e-13
7.162566502475554111e-13
7.162566502475554111e-13
6.885726132339597777e-13
6.885726132339597777e-13
6.885726132339597777e-13
6.619610207562187565e-13
6.619610207562187565e-13
6.619610207562187565e-13
6.372024825955262647e-13
6.372024825955262647e-13
6.372024825955262647e-13
6.147103687250408184e-13
6.147103687250408184e-13
6.147103687250408184e-13
5.946555500877787552e-13
5.946555500877787552e-13
5.946555500877787552e-13
5.770473847765835197e-13
5.770473847765835197e-13
5.770473847765835197e-13
5.617898176640674253e-13
5.617898176640674253e-13
5.617898176640674253e-13
5.487212396633512609e-13
5.487212396633512609e-13
5.487212396633512609e-13
5.376429606526999197e-13
5.376429606526999197e-13
5.376429606526999197e-13
5.283393872219922886e-13
5.283393872219922886e-13
5.283393872219922886e-13
5.205921070654938695e-13
5.205921070654938695e-13
5.205921070654938695e-13
5.141894249497434508e-13
5.141894249497434508e-13
5.141894249497434508e-13
4.970245073169577880e-13
4.970245073169577880e-13
4.970245073169577880e-13
5.051945046195450896e-13
5.051945046195450896e-13
5.051945046195450896e-13
5.019534418444345298e-13
5.019534418444345298e-13
5.019534418444345298e-13
4.992474203727192872e-13
4.992474203727192872e-13
4.992474203727192872e-13
4.969860487613266460e-13
4.969860487613266460e-13
4.969860487613266460e-13
4.979451275806811574e-13
4.979451275806811574e-13
4.979451275806811574e-13
4.938708190588576115e-13
4.938708190588576115e-13
4.938708190588576115e-13
4.923742251249081768e-13
4.923742251249081768e-13
4.923742251249081768e-13
4.912985489431319783e-13
4.912985489431319783e-13
4.912985489431319783e-13
4.903580877263104858e-13
4.903580877263104858e-13
4.903580877263104858e-13
4.946522142888643899e-13
4.946522142888643899e-13
4.946522142888643899e-13
4.889467416196361062e-13
4.889467416196361062e-13
4.889467416196361062e-13
4.881892158245364357e-13
4.881892158245364357e-13
4.881892158245364357e-13
4.875982446122123560e-13
4.875982446122123560e-13
4.870374152895271033e-13
4.870374152895271033e-13
4.870374152895271033e-13
4.745079747947720743e-13
4.745079747947720743e-13
4.745079747947720743e-13
4.860603017684096834e-13
4.860603017684096834e-13
4.860603017684096834e-13
4.855276803901370962e-13
4.855276803901370962e-13
4.855276803901370962e-13
4.850493597280928001e-13
4.850493597280928001e-13
4.850493597280928001e-13
4.845635350221950452e-13
4.845635350221950452e-13
4.845635350221950452e-13
4.892301818683120857e-13
4.892301818683120857e-13
4.892301818683120857e-13
4.836063409780153855e-13
4.836063409780153855e-13
4.831549065496865878e-13
4.831549065496865878e-13
4.831549065496865878e-13
4.826739263694295594e-13
4.826739263694295594e-13
4.826739263694295594e-13
4.821741071084552511e-13
4.821741071084552511e-13
4.821741071084552511e-13
4.826244456194457113e-13
4.826244456194457113e-13
4.826244456194457113e-13
4.811861993828502789e-13
4.811861993828502789e-13
4.811861993828502789e-13
4.807063159791823119e-13
4.807063159791823119e-13
4.807063159791823119e-13
4.801926476102965276e-13
4.801926476102965276e-13
4.801926476102965276e-13
4.796590570848808627e-13
4.796590570848808627e-13
4.785713034326842222e-13
4.785713034326842222e-13
4.785713034326842222e-13
4.786292480887830615e-13
4.786292480887830615e-13
4.786292480887830615e-13
4.781062700911272902e-13
4.781062700911272902e-13
4.775564567236006954e-13
4.775564567236006954e-13
4.775564567236006954e-13
4.740655555576829246e-13
4.740655555576829246e-13
4.740655555576829246e-13
4.764469464149571298e-13
4.764469464149571298e-13
4.764469464149571298e-13
4.759238555684511988e-13
4.759238555684511988e-13
4.759238555684511988e-13
4.753640865562725904e-13
4.753640865562725904e-13
4.753640865562725904e-13
4.747820056557039195e-13
4.747820056557039195e-13
4.747820056557039195e-13
4.780548005335496824e-13
4.780548005335496824e-13
4.736823687517065763e-13
4.736823687517065763e-13
4.736823687517065763e-13
4.731036747283011324e-13
4.731036747283011324e-13
4.731036747283011324e-13
4.725221600841304932e-13
4.725221600841304932e-13
4.719183563719255668e-13
4.719183563719255668e-13
4.722656097782405077e-13
4.722656097782405077e-13
4.707786782690165508e-13
4.707786782690165508e-13
4.707786782690165508e-13
4.701976218418733918e-13
4.701976218418733918e-13
4.701976218418733918e-13
4.695989706056278883e-13
4.695989706056278883e-13
4.689804350479158058e-13
4.689804350479158058e-13
4.689804350479158058e-13
4.677696384657685323e-13
4.677696384657685323e-13
4.677696384657685323e-13
4.678179642748742863e-13
4.678179642748742863e-13
4.672305316294331825e-13
4.672305316294331825e-13
4.672305316294331825e-13
4.666172754464369366e-13
4.666172754464369366e-13
4.822779844481201494e-13
4.822779844481201494e-13
4.653447800961353983e-13
4.653447800961353983e-13
4.653447800961353983e-13
4.648272311815085633e-13
4.648272311815085633e-13
4.648272311815085633e-13
4.642225230513193489e-13
4.642225230513193489e-13
4.642225230513193489e-13
4.635967507271906179e-13
4.635967507271906179e-13
4.635967507271906179e-13
4.582548919360133023e-13
4.582548919360133023e-13
4.623726866295721538e-13
4.623726866295721538e-13
4.623726866295721538e-13
4.618074542253146736e-13
4.618074542253146736e-13
4.618074542253146736e-13
4.611941964358194763e-13
4.611941964358194763e-13
4.611941964358194763e-13
4.605598768878019913e-13
4.605598768878019913e-13
4.611902530189595466e-13
4.611902530189595466e-13
4.611902530189595466e-13
4.593686065251212549e-13
4.593686065251212549e-13
4.587754268779685561e-13
4.587754268779685561e-13
4.587754268779685561e-13
4.581553138650424454e-13
4.581553138650424454e-13
4.578489934072775623e-13
4.578489934072775623e-13
4.578489934072775623e-13
4.567783795704764829e-13
4.567783795704764829e-13
4.567783795704764829e-13
4.563441143227817444e-13
4.563441143227817444e-13
4.557374748617204748e-13
4.557374748617204748e-13
4.557374748617204748e-13
4.551109253030781841e-13
4.551109253030781841e-13
4.551109253030781841e-13
4.436657686730413532e-13
4.436657686730413532e-13
4.539656176534150615e-13
4.539656176534150615e-13
4.539656176534150615e-13
4.533219542823624441e-13
4.533219542823624441e-13
4.533219542823624441e-13
4.527174789871942953e-13
4.527174789871942953e-13
4.527174789871942953e-13
4.520920713314803189e-13
4.520920713314803189e-13
4.520920713314803189e-13
4.553879546844977564e-13
4.553879546844977564e-13
4.509311697330159028e-13
4.509311697330159028e-13
4.509311697330159028e-13
4.503049107086398316e-13
4.503049107086398316e-13
4.497001799753860607e-13
4.497001799753860607e-13
4.503049107086398316e-13
4.490745816886516908e-13
4.490745816886516908e-13
4.497001799753860607e-13
4.506286694821928822e-13
4.506286694821928822e-13
4.490745816886516908e-13
4.478839910432318754e-13
4.478839910432318754e-13
4.506286694821928822e-13
4.473021419879077372e-13
4.473021419879077372e-13
4.478839910432318754e-13
4.466970743165466968e-13
4.473021419879077372e-13
4.460718407576755383e-13
4.466970743165466968e-13
4.460718407576755383e-13
4.431483785289265787e-13
4.431483785289265787e-13
4.460718407576755383e-13
4.448873465409954535e-13
4.448873465409954535e-13
4.431483785289265787e-13
4.443174664652548727e-13
4.443174664652548727e-13
4.448873465409954535e-13
4.437142412227055028e-13
4.437142412227055028e-13
4.443174664652548727e-13
4.430912325566703516e-13
4.437142412227055028e-13
4.411791416318103778e-13
4.430912325566703516e-13
4.419331884008371368e-13
4.419331884008371368e-13
4.411791416318103778e-13
4.413484908193423788e-13
4.413484908193423788e-13
4.419331884008371368e-13
4.407460712528088386e-13
4.413484908193423788e-13
4.401259416959133311e-13
4.407460712528088386e-13
4.389006277076203714e-13
4.389006277076203714e-13
4.401259416959133311e-13
4.389832381260614859e-13
4.389832381260614859e-13
4.389006277076203714e-13
4.384000649929413354e-13
4.389832381260614859e-13
4.377986859801867012e-13
4.384000649929413354e-13
4.372969900149832215e-13
4.372969900149832215e-13
4.377986859801867012e-13
4.364042433890767888e-13
4.364042433890767888e-13
4.372969900149832215e-13
4.360532412849775906e-13
4.364042433890767888e-13
4.354770103944266650e-13
4.360532412849775906e-13
4.348791388390534635e-13
4.348791388390534635e-13
4.354770103944266650e-13
4.332045027197341946e-13
4.332045027197341946e-13
4.348791388390534635e-13
4.334747773815333081e-13
4.332045027197341946e-13
4.331467141225526345e-13
4.331467141225526345e-13
4.334747773815333081e-13
4.325706892748824467e-13
4.331467141225526345e-13
4.319741272559394170e-13
4.319741272559394170e-13
4.325706892748824467e-13
4.214014787438304030e-13
4.214014787438304030e-13
4.319741272559394170e-13
4.307371582715971200e-13
4.214014787438304030e-13
4.302610385499724709e-13
4.307371582715971200e-13
4.296832394690432107e-13
4.302610385499724709e-13
4.290862283209359195e-13
4.296832394690432107e-13
4.300153877262709878e-13
4.300153877262709878e-13
4.290862283209359195e-13
4.279401803075396176e-13
4.300153877262709878e-13
4.273964175366045781e-13
4.279401803075396176e-13
4.268174876479842539e-13
4.273964175366045781e-13
4.262201681077988857e-13
4.268174876479842539e-13
4.258632995432529200e-13
4.262201681077988857e-13
4.251161024534792208e-13
4.258632995432529200e-13
4.245576852893116365e-13
4.245576852893116365e-13
4.251161024534792208e-13
4.239799396828452636e-13
4.239799396828452636e-13
4.245576852893116365e-13
4.234871073182357465e-13
4.234871073182357465e-13
4.239799396828452636e-13
4.231309551797013241e-13
4.234871073182357465e-13
4.222978108652773243e-13
4.231309551797013241e-13
4.217380120763707302e-13
4.217380120763707302e-13
4.222978108652773243e-13
4.211599185645260515e-13
4.211599185645260515e-13
4.217380120763707302e-13
4.331681575351518113e-13
4.211599185645260515e-13
4.200822783299311853e-13
4.331681575351518113e-13
4.194992420306804565e-13
4.200822783299311853e-13
4.189386146241520895e-13
4.194992420306804565e-13
4.183592352373960791e-13
4.183592352373960791e-13
4.189386146241520895e-13
4.171914013913888387e-13
4.183592352373960791e-13
4.172619550082520039e-13
4.171914013913888387e-13
4.167302576980589562e-13
4.172619550082520039e-13
4.161720080594015793e-13
4.167302576980589562e-13
4.155954795168005793e-13
4.161720080594015793e-13
4.138776926850434638e-13
4.138776926850434638e-13
4.155954795168005793e-13
4.145164718107901734e-13
4.138776926850434638e-13
4.139803224565890055e-13
4.145164718107901734e-13
4.134231157327216456e-13
4.139803224565890055e-13
4.128478490979768830e-13
4.134231157327216456e-13
4.114969635842197450e-13
4.114969635842197450e-13
4.128478490979768830e-13
4.117952623835206750e-13
4.117952623835206750e-13
4.114969635842197450e-13
4.112675978468292779e-13
4.112675978468292779e-13
4.117952623835206750e-13
4.107192694307769877e-13
4.107192694307769877e-13
4.112675978468292779e-13
4.101530934941771723e-13
4.101530934941771723e-13
4.107192694307769877e-13
4.071473871066154818e-13
4.101530934941771723e-13
4.090915188230002490e-13
4.071473871066154818e-13
4.085690007007213104e-13
4.085690007007213104e-13
4.090915188230002490e-13
4.080263011903484079e-13
4.085690007007213104e-13
4.074658487932976304e-13
4.080263011903484079e-13
4.072059216612868090e-13
4.074658487932976304e-13
4.064135694062495472e-13
4.064135694062495472e-13
4.072059216612868090e-13
4.058903776369924852e-13
4.064135694062495472e-13
4.053507866044166749e-13
4.058903776369924852e-13
4.047935349480693606e-13
4.047935349480693606e-13
4.053507866044166749e-13
4.057747517184117447e-13
4.047935349480693606e-13
4.037627307950825705e-13
4.057747517184117447e-13
4.032371269202085747e-13
4.032371269202085747e-13
4.037627307950825705e-13
4.027011903124221298e-13
4.027011903124221298e-13
4.032371269202085747e-13
4.021477916019715860e-13
4.021477916019715860e-13
4.027011903124221298e-13
4.014906953712901922e-13
4.014906953712901922e-13
4.021477916019715860e-13
4.011242486379067077e-13
4.014906953712901922e-13
4.006031951840954128e-13
4.011242486379067077e-13
4.000688916871861854e-13
4.006031951840954128e-13
3.995113343547932903e-13
3.995113343547932903e-13
4.000688916871861854e-13
3.986085455793500845e-13
3.995113343547932903e-13
3.985028815516345260e-13
3.985028815516345260e-13
3.986085455793500845e-13
3.979893405572017613e-13
3.979893405572017613e-13
3.985028815516345260e-13
3.974552134085433656e-13
3.974552134085433656e-13
3.979893405572017613e-13
3.779392280662895755e-13
3.974552134085433656e-13
3.963151655327555361e-13
3.963151655327555361e-13
3.779392280662895755e-13
3.959146032291108662e-13
3.959146032291108662e-13
3.963151655327555361e-13
3.953975128063207120e-13
3.959146032291108662e-13
3.948635706751406828e-13
3.953975128063207120e-13
4.005750041494130437e-13
4.005750041494130437e-13
3.948635706751406828e-13
3.938442691644562675e-13
3.938442691644562675e-13
4.005750041494130437e-13
3.933447953301436853e-13
3.933447953301436853e-13
3.938442691644562675e-13
3.928293411603289633e-13
3.933447953301436853e-13
3.922966346988416949e-13
3.922966346988416949e-13
3.928293411603289633e-13
3.895836433185233520e-13
3.895836433185233520e-13
3.922966346988416949e-13
3.912879020984915215e-13
3.895836433185233520e-13
3.907974562054721533e-13
3.912879020984915215e-13
3.902829082007942421e-13
3.907974562054721533e-13
3.897515466310162672e-13
3.902829082007942421e-13
3.896486919537017347e-13
3.897515466310162672e-13
3.887687293046799564e-13
3.896486919537017347e-13
3.882683887428410400e-13
3.882683887428410400e-13
3.887687293046799564e-13
3.877536054052096900e-13
3.882683887428410400e-13
3.865693709614582061e-13
3.877536054052096900e-13
3.868725015274155832e-13
3.868725015274155832e-13
3.865693709614582061e-13
3.862575540213793025e-13
3.868725015274155832e-13
3.857588570451478719e-13
3.857588570451478719e-13
3.862575540213793025e-13
3.852431216451178210e-13
3.852431216451178210e-13
3.857588570451478719e-13
3.843884015325111960e-13
3.852431216451178210e-13
3.842652504470304577e-13
3.842652504470304577e-13
3.843884015325111960e-13
3.837688165781901611e-13
3.842652504470304577e-13
3.832677850569392030e-13
3.837688165781901611e-13
3.827505492573284525e-13
3.827505492573284525e-13
3.832677850569392030e-13
3.826003540866562870e-13
3.826003540866562870e-13
3.827505492573284525e-13
3.817903575473229163e-13
3.826003540866562870e-13
3.812981439880066201e-13
3.817903575473229163e-13
3.807948002218567976e-13
3.812981439880066201e-13
3.690161058116400679e-13
3.690161058116400679e-13
3.807948002218567976e-13
3.799437135028267077e-13
3.690161058116400679e-13
3.793353157478755991e-13
3.799437135028267077e-13
3.788453356959232045e-13
3.788453356959232045e-13
3.793353157478755991e-13
3.783391345580887713e-13
3.783391345580887713e-13
3.788453356959232045e-13
3.807978900874107530e-13
3.807978900874107530e-13
3.783391345580887713e-13
3.773716325906693044e-13
3.807978900874107530e-13
3.769065956764765443e-13
3.773716325906693044e-13
3.764154450740096240e-13
3.769065956764765443e-13
3.759105189470798272e-13
3.759105189470798272e-13
3.764154450740096240e-13
3.751301167514090128e-13
3.751301167514090128e-13
3.759105189470798272e-13
3.749708141262749306e-13
3.749708141262749306e-13
3.751301167514090128e-13
3.744948786908372717e-13
3.744948786908372717e-13
3.749708141262749306e-13
3.740016713506784901e-13
3.740016713506784901e-13
3.744948786908372717e-13
3.964881667543128864e-13
3.964881667543128864e-13
3.740016713506784901e-13
3.729323450529187665e-13
3.729323450529187665e-13
3.964881667543128864e-13
3.725891929966110973e-13
3.729323450529187665e-13
3.721180507583139581e-13
3.721180507583139581e-13
3.725891929966110973e-13
3.716302462266826485e-13
3.721180507583139581e-13
3.708981538891846384e-13
3.708981538891846384e-13
3.716302462266826485e-13
3.703977444721212805e-13
3.708981538891846384e-13
3.702271718566469421e-13
3.702271718566469421e-13
3.703977444721212805e-13
3.697636398750377508e-13
3.697636398750377508e-13
3.702271718566469421e-13
3.692838209517193196e-13
3.697636398750377508e-13
3.687884670376207299e-13
3.687884670376207299e-13
3.692838209517193196e-13
3.676163286250653179e-13
3.687884670376207299e-13
3.678777352897507347e-13
3.678777352897507347e-13
3.676163286250653179e-13
3.674221661539395942e-13
3.669474290840843115e-13
3.669474290840843115e-13
3.678777352897507347e-13
3.664576670885662926e-13
3.664576670885662926e-13
3.674221661539395942e-13
3.656867636365827940e-13
3.656867636365827940e-13
3.669474290840843115e-13
3.655534621895145177e-13
3.664576670885662926e-13
3.650971073456883921e-13
3.656867636365827940e-13
3.646248345749978016e-13
3.655534621895145177e-13
3.641297985744618225e-13
3.650971073456883921e-13
3.635730040065344180e-13
3.646248345749978016e-13
3.632484406192974829e-13
3.632484406192974829e-13
3.641297985744618225e-13
3.627917103696512533e-13
3.635730040065344180e-13
3.623210479741706272e-13
3.623210479741706272e-13
3.632484406192974829e-13
3.615084990194768272e-13
3.627917103696512533e-13
3.611773212307641839e-13
3.623210479741706272e-13
3.609625521482685945e-13
3.609625521482685945e-13
3.615084990194768272e-13
3.605124626926980482e-13
3.605124626926980482e-13
3.611773212307641839e-13
3.600465566887447928e-13
3.600465566887447928e-13
3.609625521482685945e-13
3.595840143563929332e-13
3.595840143563929332e-13
3.605124626926980482e-13
3.595270951966881239e-13
3.595270951966881239e-13
3.600465566887447928e-13
3.586985117470842686e-13
3.595840143563929332e-13
3.582553352121761117e-13
3.595270951966881239e-13
3.577962126237317448e-13
3.577962126237317448e-13
3.586985117470842686e-13
3.573224787405021987e-13
3.582553352121761117e-13
3.562556898202580499e-13
3.577962126237317448e-13
3.564495755985690432e-13
3.573224787405021987e-13
3.560156388848709288e-13
3.560156388848709288e-13
3.562556898202580499e-13
3.555630400096756095e-13
3.564495755985690432e-13
3.550956944450362980e-13
3.560156388848709288e-13
3.544129475473646895e-13
3.555630400096756095e-13
3.542241229942351815e-13
3.542241229942351815e-13
3.550956944450362980e-13
3.537907784529846808e-13
3.537907784529846808e-13
3.544129475473646895e-13
3.533421878111313732e-13
3.542241229942351815e-13
3.528789000558572874e-13
3.537907784529846808e-13
3.537767490806260339e-13
3.537767490806260339e-13
3.533421878111313732e-13
3.520184129116026201e-13
3.515836517251076737e-13
3.528789000558572874e-13
3.515836517251076737e-13
3.511375366556807831e-13
3.511375366556807831e-13
3.537767490806260339e-13
3.506769590698370856e-13
3.506769590698370856e-13
3.520184129116026201e-13
3.500990606628120753e-13
3.500990606628120753e-13
3.515836517251076737e-13
3.498280602025764065e-13
3.498280602025764065e-13
3.511375366556807831e-13
3.493953525565298165e-13
3.493953525565298165e-13
3.506769590698370856e-13
3.489511385151644676e-13
3.500990606628120753e-13
3.484880562553062961e-13
3.484880562553062961e-13
3.498280602025764065e-13
3.477258753239371003e-13
3.493953525565298165e-13
3.476495170036932502e-13
3.476495170036932502e-13
3.489511385151644676e-13
3.472232698369014182e-13
3.484880562553062961e-13
3.467797029886979550e-13
3.467797029886979550e-13
3.477258753239371003e-13
3.544210797487867281e-13
3.476495170036932502e-13
3.457987399916082369e-13
3.472232698369014182e-13
3.454971909862741980e-13
3.454971909862741980e-13
3.467797029886979550e-13
3.450669797345077151e-13
3.450669797345077151e-13
3.544210797487867281e-13
3.446228465959498098e-13
3.446228465959498098e-13
3.457987399916082369e-13
3.391948543448710436e-13
3.454971909862741980e-13
3.437512462427104778e-13
3.450669797345077151e-13
3.433580236572336161e-13
3.433580236572336161e-13
3.446228465959498098e-13
3.429270011706406732e-13
3.391948543448710436e-13
3.424818473960840794e-13
3.437512462427104778e-13
3.413054012839249747e-13
3.433580236572336161e-13
3.416610512438342543e-13
3.429270011706406732e-13
3.412411608001715915e-13
3.412411608001715915e-13
3.424818473960840794e-13
3.408117609270097358e-13
3.413054012839249747e-13
3.403706230231894943e-13
3.416610512438342543e-13
3.394936293331988390e-13
3.394936293331988390e-13
3.412411608001715915e-13
3.395536835760317378e-13
3.408117609270097358e-13
3.391388935591267352e-13
3.403706230231894943e-13
3.387098418355453904e-13
3.394936293331988390e-13
3.339832202728927179e-13
3.339832202728927179e-13
3.395536835760317378e-13
3.379434194305481334e-13
3.379434194305481334e-13
3.391388935591267352e-13
3.374669228630206574e-13
3.374669228630206574e-13
3.387098418355453904e-13
3.370524481569876380e-13
3.339832202728927179e-13
3.366230234301151128e-13
3.379434194305481334e-13
3.307350903033668491e-13
3.374669228630206574e-13
3.358432134865865029e-13
3.358432134865865029e-13
3.370524481569876380e-13
3.354029506589916822e-13
3.349904941320332969e-13
3.349904941320332969e-13
3.366230234301151128e-13
3.345638353394414834e-13
3.307350903033668491e-13
3.379821143459068487e-13
3.379821143459068487e-13
3.358432134865865029e-13
3.337731763237956040e-13
3.354029506589916822e-13
3.333527988790359128e-13
3.333527988790359128e-13
3.349904941320332969e-13
3.329409578581450223e-13
3.345638353394414834e-13
3.325155266205480693e-13
3.325155266205480693e-13
3.379821143459068487e-13
3.311191390790215135e-13
3.337731763237956040e-13
3.317248277470117153e-13
3.333527988790359128e-13
3.313178617396557464e-13
3.329409578581450223e-13
3.309059725232893732e-13
3.309059725232893732e-13
3.325155266205480693e-13
3.304844740212443762e-13
3.311191390790215135e-13
3.298368012311151671e-13
3.317248277470117153e-13
3.296952290978608011e-13
3.296952290978608011e-13
3.313178617396557464e-13
3.292979680432564698e-13
3.309059725232893732e-13
3.288847470786983472e-13
3.288847470786983472e-13
3.304844740212443762e-13
3.164554446820655812e-13
3.164554446820655812e-13
3.298368012311151671e-13
3.280238731884989095e-13
3.296952290978608011e-13
3.276948225036729638e-13
3.276948225036729638e-13
3.292979680432564698e-13
3.272937306052863177e-13
3.288847470786983472e-13
3.268792609511155060e-13
3.164554446820655812e-13
3.283068854055692602e-13
3.283068854055692602e-13
3.280238731884989095e-13
3.260851509894292364e-13
3.276948225036729638e-13
3.257065751243352571e-13
3.272937306052863177e-13
3.253034784136277976e-13
3.268792609511155060e-13
3.248091555529988286e-13
3.283068854055692602e-13
3.245678100911751826e-13
3.260851509894292364e-13
3.241248055141198857e-13
3.257065751243352571e-13
3.237324528300040658e-13
3.253034784136277976e-13
3.233267963583733174e-13
3.233267963583733174e-13
3.248091555529988286e-13
3.217163901781581366e-13
3.245678100911751826e-13
3.225708734850322467e-13
3.225708734850322467e-13
3.241248055141198857e-13
3.221679789625418510e-13
3.237324528300040658e-13
3.217733408664492053e-13
3.233267963583733174e-13
3.213661210990091201e-13
3.217163901781581366e-13
3.210964153142790902e-13
3.225708734850322467e-13
3.206123594090771078e-13
3.206123594090771078e-13
3.221679789625418510e-13
3.202272154218307776e-13
3.217733408664492053e-13
3.198309897728796978e-13
3.198309897728796978e-13
3.213661210990091201e-13
3.403737103543627746e-13
3.403737103543627746e-13
3.210964153142790902e-13
3.191261527884258684e-13
3.206123594090771078e-13
3.186853896788270966e-13
3.202272154218307776e-13
3.183002182080009521e-13
3.183002182080009521e-13
3.198309897728796978e-13
3.179023284080554798e-13
3.179023284080554798e-13
3.403737103543627746e-13
3.145057711653167711e-13
3.191261527884258684e-13
3.171658019752071358e-13
3.186853896788270966e-13
3.167827811956515774e-13
3.183002182080009521e-13
3.164019106872712381e-13
3.164019106872712381e-13
3.179023284080554798e-13
3.160080351027171014e-13
3.160080351027171014e-13
3.145057711653167711e-13
3.160071577253484229e-13
3.160071577253484229e-13
3.171658019752071358e-13
3.152784641947109849e-13
3.167827811956515774e-13
3.148920934245513630e-13
3.164019106872712381e-13
3.145135275089674946e-13
3.145135275089674946e-13
3.160080351027171014e-13
3.141220871851919638e-13
3.160071577253484229e-13
3.162459265285654118e-13
3.152784641947109849e-13
3.133985697136662106e-13
3.148920934245513630e-13
3.130165390110796324e-13
3.145135275089674946e-13
3.126390007854259115e-13
3.126390007854259115e-13
3.141220871851919638e-13
3.122490326889102140e-13
3.162459265285654118e-13
3.109528073860595237e-13
3.109528073860595237e-13
3.133985697136662106e-13
3.115219882791584519e-13
3.130165390110796324e-13
3.111632272954846666e-13
3.126390007854259115e-13
3.107910784365215984e-13
3.107910784365215984e-13
3.122490326889102140e-13
3.104065003590627119e-13
3.109528073860595237e-13
3.043262355450609351e-13
3.115219882791584519e-13
3.096430006052789083e-13
3.096430006052789083e-13
3.111632272954846666e-13
3.093258111700881641e-13
3.093258111700881641e-13
3.107910784365215984e-13
3.089612614664130859e-13
3.089612614664130859e-13
3.104065003590627119e-13
3.085839371119521615e-13
3.043262355450609351e-13
3.093510853546535259e-13
3.093510853546535259e-13
3.096430006052789083e-13
3.076707814357519159e-13
3.076707814357519159e-13
3.093258111700881641e-13
3.075005356998776357e-13
3.089612614664130859e-13
3.071404072289051200e-13
3.085839371119521615e-13
3.067682437813928880e-13
3.067682437813928880e-13
3.093510853546535259e-13
3.063642875645188461e-13
3.076707814357519159e-13
3.059123052870396130e-13
3.075005356998776357e-13
3.056886859268600781e-13
3.071404072289051200e-13
3.053324059303703716e-13
3.067682437813928880e-13
3.049637393197570910e-13
3.063642875645188461e-13
3.045665350464682571e-13
3.059123052870396130e-13
3.043633982008974869e-13
3.056886859268600781e-13
3.038907198727140009e-13
3.053324059303703716e-13
3.035390204072915226e-13
3.035390204072915226e-13
3.049637393197570910e-13
3.031731437461216386e-13
3.045665350464682571e-13
3.028976686305002896e-13
3.043633982008974869e-13
3.024728625609740347e-13
3.024728625609740347e-13
3.038907198727140009e-13
3.021102993942369508e-13
3.035390204072915226e-13
3.017585737860308679e-13
3.031731437461216386e-13
3.013940647614306758e-13
3.013940647614306758e-13
3.028976686305002896e-13
2.917149631595068141e-13
3.024728625609740347e-13
3.005902452893215498e-13
3.021102993942369508e-13
3.003450274337082743e-13
3.017585737860308679e-13
2.999955918315671855e-13
3.013940647614306758e-13
2.996334132585260429e-13
2.917149631595068141e-13
2.995907399619594175e-13
3.005902452893215498e-13
2.988627975312887531e-13
3.003450274337082743e-13
2.985939264594432495e-13
2.999955918315671855e-13
2.982456209017876917e-13
2.996334132585260429e-13
2.978851244001012648e-13
2.978851244001012648e-13
2.995907399619594175e-13
2.994141750233964990e-13
2.994141750233964990e-13
2.988627975312887531e-13
2.971540345474029457e-13
2.971540345474029457e-13
2.985939264594432495e-13
2.968568649371483967e-13
2.968568649371483967e-13
2.982456209017876917e-13
2.965090963575782810e-13
2.978851244001012648e-13
2.961496554492997277e-13
2.994141750233964990e-13
2.934832659934846225e-13
2.934832659934846225e-13
2.971540345474029457e-13
2.954564584782053646e-13
2.954564584782053646e-13
2.968568649371483967e-13
2.951324348670840790e-13
2.965090963575782810e-13
2.947843326573874380e-13
2.947843326573874380e-13
2.961496554492997277e-13
2.944246163295062646e-13
2.944246163295062646e-13
2.934832659934846225e-13
2.947073906930940407e-13
2.954564584782053646e-13
2.937589750814603432e-13
2.937589750814603432e-13
2.951324348670840790e-13
2.934208575332834941e-13
2.947843326573874380e-13
2.930718542185873380e-13
2.944246163295062646e-13
2.952990419619683440e-13
2.952990419619683440e-13
2.947073906930940407e-13
2.923441907488609466e-13
2.937589750814603432e-13
2.920632122591151567e-13
2.934208575332834941e-13
2.917257884836155940e-13
2.917257884836155940e-13
2.930718542185873380e-13
2.913773256844650343e-13
2.952990419619683440e-13
3.018191043552061983e-13
3.018191043552061983e-13
2.923441907488609466e-13
2.906443981282963389e-13
2.920632122591151567e-13
2.903828193117428091e-13
2.917257884836155940e-13
2.900482206119737570e-13
2.913773256844650343e-13
2.897021097666614104e-13
2.897021097666614104e-13
3.018191043552061983e-13
2.977839299168675469e-13
2.906443981282963389e-13
2.890019858281701549e-13
2.903828193117428091e-13
2.887153781426572196e-13
2.900482206119737570e-13
2.883820145686437394e-13
2.897021097666614104e-13
2.880374686991944854e-13
2.880374686991944854e-13
2.977839299168675469e-13
2.873906352036933200e-13
2.890019858281701549e-13
2.873721305396929648e-13
2.873721305396929648e-13
2.887153781426572196e-13
2.870604150948532390e-13
2.883820145686437394e-13
2.867276100897801406e-13
2.880374686991944854e-13
2.863836876046732297e-13
2.873906352036933200e-13
2.847523072761209748e-13
2.873721305396929648e-13
2.857466458266654029e-13
2.857466458266654029e-13
2.870604150948532390e-13
2.854186316001327468e-13
2.854186316001327468e-13
2.867276100897801406e-13
2.850857697362950244e-13
2.850857697362950244e-13
2.863836876046732297e-13
2.847375065047015331e-13
2.847523072761209748e-13
2.840974175638957994e-13
2.840974175638957994e-13
2.857466458266654029e-13
2.841108396829221815e-13
2.841108396829221815e-13
2.854186316001327468e-13
2.837911162381667972e-13
2.850857697362950244e-13
2.834586489097278021e-13
2.834586489097278021e-13
2.847375065047015331e-13
2.852262508142068859e-13
2.840974175638957994e-13
2.827351738627393514e-13
2.841108396829221815e-13
2.824983389848744293e-13
2.837911162381667972e-13
2.821784083878779837e-13
2.834586489097278021e-13
2.818472292159573431e-13
2.852262508142068859e-13
2.931946799478348132e-13
2.931946799478348132e-13
2.827351738627393514e-13
2.811628260773515545e-13
2.811628260773515545e-13
2.824983389848744293e-13
2.808965042369605560e-13
2.821784083878779837e-13
2.805766987126655531e-13
2.805766987126655531e-13
2.818472292159573431e-13
2.802459798080149181e-13
2.931946799478348132e-13
2.773287631721131599e-13
2.773287631721131599e-13
2.811628260773515545e-13
2.796135630738113072e-13
2.808965042369605560e-13
2.793065718739136575e-13
2.793065718739136575e-13
2.805766987126655531e-13
2.789859439444042933e-13
2.802459798080149181e-13
2.786546384326975672e-13
2.773287631721131599e-13
2.783657916172428759e-13
2.796135630738113072e-13
2.780417700378398947e-13
2.793065718739136575e-13
2.777279834058678098e-13
2.789859439444042933e-13
2.774060936410502999e-13
2.786546384326975672e-13
2.679273918112442559e-13
2.783657916172428759e-13
2.768879554407463726e-13
2.780417700378398947e-13
2.764736494777402736e-13
2.777279834058678098e-13
2.761620287856869531e-13
2.761620287856869531e-13
2.774060936410502999e-13
2.758390745115380193e-13
2.679273918112442559e-13
2.782600737975199206e-13
2.768879554407463726e-13
2.752350967274414532e-13
2.764736494777402736e-13
2.749213684035701925e-13
2.761620287856869531e-13
2.746080192357421202e-13
2.758390745115380193e-13
2.742839164261908715e-13
2.782600737975199206e-13
2.742268675253725768e-13
2.752350967274414532e-13
2.736811899806450151e-13
2.736811899806450151e-13
2.749213684035701925e-13
2.733817268378022368e-13
2.746080192357421202e-13
2.730679043918207648e-13
2.730679043918207648e-13
2.742839164261908715e-13
2.714207390247275639e-13
2.714207390247275639e-13
2.742268675253725768e-13
2.723460604660604094e-13
2.736811899806450151e-13
2.721572698800904896e-13
2.721572698800904896e-13
2.733817268378022368e-13
2.718522927550262335e-13
2.730679043918207648e-13
2.715374512962352008e-13
2.714207390247275639e-13
2.682006119441107059e-13
2.682006119441107059e-13
2.723460604660604094e-13
2.709335719038452781e-13
2.709335719038452781e-13
2.721572698800904896e-13
2.706401533548394169e-13
2.718522927550262335e-13
2.703343698144950829e-13
2.715374512962352008e-13
2.700183492020534884e-13
2.700183492020534884e-13
2.682006119441107059e-13
2.698942754773116055e-13
2.698942754773116055e-13
2.709335719038452781e-13
2.694330144054527142e-13
2.706401533548394169e-13
2.691339093581512642e-13
2.703343698144950829e-13
2.688265081510882186e-13
2.700183492020534884e-13
2.786222706129845416e-13
2.698942754773116055e-13
2.682966279202345798e-13
2.694330144054527142e-13
2.679376824278556560e-13
2.679376824278556560e-13
2.691339093581512642e-13
2.676382881710854408e-13
2.688265081510882186e-13
2.673289869395927626e-13
2.786222706129845416e-13
2.670763846855627415e-13
2.682966279202345798e-13
2.667416903608615494e-13
2.667416903608615494e-13
2.679376824278556560e-13
2.664554185793518808e-13
2.676382881710854408e-13
2.661545823415270698e-13
2.673289869395927626e-13
2.661545823415270698e-13
2.657983522581748955e-13
2.670763846855627415e-13
2.657983522581748955e-13
2.655348362641289510e-13
2.667416903608615494e-13
2.655348362641289510e-13
2.652778046706495792e-13
2.664554185793518808e-13
2.652778046706495792e-13
2.649860063378153715e-13
2.649860063378153715e-13
2.661545823415270698e-13
2.646846950354787309e-13
2.646846950354787309e-13
2.657983522581748955e-13
2.642529728820806918e-13
2.642529728820806918e-13
2.655348362641289510e-13
2.640354413218358980e-13
2.640354413218358980e-13
2.652778046706495792e-13
2.638203709298004881e-13
2.649860063378153715e-13
2.638203709298004881e-13
2.635290214556918075e-13
2.646846950354787309e-13
2.635290214556918075e-13
2.632279228013395369e-13
2.642529728820806918e-13
2.632279228013395369e-13
2.606636512156807585e-13
2.640354413218358980e-13
2.606636512156807585e-13
2.626390573120205308e-13
2.626390573120205308e-13
2.638203709298004881e-13
2.623734472171296990e-13
2.623734472171296990e-13
2.635290214556918075e-13
2.620814923944463450e-13
2.620814923944463450e-13
2.632279228013395369e-13
2.617796350198982200e-13
2.606636512156807585e-13
2.617796350198982200e-13
2.620175535345262256e-13
2.620175535345262256e-13
2.626390573120205308e-13
2.612221394778884998e-13
2.612221394778884998e-13
2.623734472171296990e-13
2.609368149290150353e-13
2.609368149290150353e-13
2.620814923944463450e-13
2.606435399265765447e-13
2.606435399265765447e-13
2.617796350198982200e-13
2.618429954732620628e-13
2.618429954732620628e-13
2.620175535345262256e-13
2.599946696600714962e-13
2.599946696600714962e-13
2.612221394778884998e-13
2.598018040786976394e-13
2.598018040786976394e-13
2.609368149290150353e-13
2.595217524245996505e-13
2.595217524245996505e-13
2.606435399265765447e-13
2.592321996404175648e-13
2.592321996404175648e-13
2.618429954732620628e-13
2.589448922871030189e-13
2.589448922871030189e-13
2.599946696600714962e-13
2.584789568630827819e-13
2.584789568630827819e-13
2.598018040786976394e-13
2.583922500340514866e-13
2.595217524245996505e-13
2.581133548147887435e-13
2.592321996404175648e-13
2.578261122464902969e-13
2.589448922871030189e-13
2.575304539239027115e-13
2.575304539239027115e-13
2.584789568630827819e-13
2.571416395672916035e-13
2.571416395672916035e-13
2.583922500340514866e-13
2.569954838199304402e-13
2.581133548147887435e-13
2.567261415026376719e-13
2.567261415026376719e-13
2.578261122464902969e-13
2.564460816487745064e-13
2.575304539239027115e-13
2.561566937185914219e-13
2.571416395672916035e-13
2.515705662825713586e-13
2.569954838199304402e-13
2.556312619519698362e-13
2.567261415026376719e-13
2.553453777913463956e-13
2.564460816487745064e-13
2.550725793453596077e-13
2.561566937185914219e-13
2.547901138526683842e-13
2.547901138526683842e-13
2.515705662825713586e-13
2.545024166656534488e-13
2.556312619519698362e-13
2.539339085046933027e-13
2.539339085046933027e-13
2.553453777913463956e-13
2.539705903048135158e-13
2.550725793453596077e-13
2.537043135072328861e-13
2.547901138526683842e-13
2.534266547525907930e-13
2.545024166656534488e-13
2.531399801971302548e-13
2.531399801971302548e-13
2.539339085046933027e-13
2.538419313962323056e-13
2.538419313962323056e-13
2.539705903048135158e-13
2.526079702242208966e-13
2.537043135072328861e-13
2.523468809951088150e-13
2.534266547525907930e-13
2.520736174831812971e-13
2.520736174831812971e-13
2.531399801971302548e-13
2.517911974562567617e-13
2.538419313962323056e-13
2.541092601794940748e-13
2.526079702242208966e-13
2.512441433923481530e-13
2.523468809951088150e-13
2.510005108738184857e-13
2.510005108738184857e-13
2.520736174831812971e-13
2.507312487379708298e-13
2.517911974562567617e-13
2.504528541549418862e-13
2.504528541549418862e-13
2.541092601794940748e-13
2.536994804558739699e-13
2.536994804558739699e-13
2.512441433923481530e-13
2.498927362406790344e-13
2.498927362406790344e-13
2.510005108738184857e-13
2.496633588660334457e-13
2.496633588660334457e-13
2.507312487379708298e-13
2.493966262435252405e-13
2.493966262435252405e-13
2.504528541549418862e-13
2.491208978572719948e-13
2.491208978572719948e-13
2.536994804558739699e-13
2.436897199788856843e-13
2.436897199788856843e-13
2.498927362406790344e-13
2.485468338153898755e-13
2.485468338153898755e-13
2.496633588660334457e-13
2.483395028442909741e-13
2.483395028442909741e-13
2.493966262435252405e-13
2.480772905873005168e-13
2.480772905873005168e-13
2.491208978572719948e-13
2.478057588034233534e-13
2.478057588034233534e-13
2.436897199788856843e-13
2.489064249657149719e-13
2.489064249657149719e-13
2.485468338153898755e-13
2.471505955975484408e-13
2.471505955975484408e-13
2.483395028442909741e-13
2.470239245866472714e-13
2.470239245866472714e-13
2.480772905873005168e-13
2.467647970941741786e-13
2.478057588034233534e-13
2.464960004262585016e-13
2.464960004262585016e-13
2.489064249657149719e-13
2.454025619049663434e-13
2.454025619049663434e-13
2.471505955975484408e-13
2.458358318768952227e-13
2.458358318768952227e-13
2.470239245866472714e-13
2.457187590804530481e-13
2.457187590804530481e-13
2.467647970941741786e-13
2.454612968402480519e-13
2.454612968402480519e-13
2.464960004262585016e-13
2.451939965624371265e-13
2.451939965624371265e-13
2.454025619049663434e-13
2.299310131216444456e-13
2.299310131216444456e-13
2.458358318768952227e-13
2.446773240249850304e-13
2.457187590804530481e-13
2.444247062361837746e-13
2.454612968402480519e-13
2.441672944620761498e-13
2.451939965624371265e-13
2.439006210997167983e-13
2.439006210997167983e-13
2.299310131216444456e-13
2.432783175598886816e-13
2.446773240249850304e-13
2.434107014527613155e-13
2.434107014527613155e-13
2.444247062361837746e-13
2.431410424626110707e-13
2.431410424626110707e-13
2.441672944620761498e-13
2.428832120075330520e-13
2.428832120075330520e-13
2.439006210997167983e-13
2.426168241180332273e-13
2.426168241180332273e-13
2.432783175598886816e-13
2.428684025898551303e-13
2.428684025898551303e-13
2.434107014527613155e-13
2.421164812946357651e-13
2.421164812946357651e-13
2.431410424626110707e-13
2.418660638173454144e-13
2.428832120075330520e-13
2.416077531547484450e-13
2.416077531547484450e-13
2.426168241180332273e-13
2.413333838503019572e-13
2.413333838503019572e-13
2.428684025898551303e-13
2.408472459470938453e-13
2.408472459470938453e-13
2.421164812946357651e-13
2.408500023612095542e-13
2.408500023612095542e-13
2.418660638173454144e-13
2.406001581861076498e-13
2.406001581861076498e-13
2.416077531547484450e-13
2.403407584924116634e-13
2.403407584924116634e-13
2.413333838503019572e-13
2.340116606060260286e-13
2.340116606060260286e-13
2.408472459470938453e-13
2.398208484896663665e-13
2.398208484896663665e-13
2.408500023612095542e-13
2.395960840101360747e-13
2.395960840101360747e-13
2.406001581861076498e-13
2.393444549425024706e-13
2.403407584924116634e-13
2.390843113305022651e-13
2.390843113305022651e-13
2.340116606060260286e-13
2.398384238077245797e-13
2.398384238077245797e-13
2.398208484896663665e-13
2.386024911811872138e-13
2.386024911811872138e-13
2.395960840101360747e-13
2.383537705862515914e-13
2.383537705862515914e-13
2.393444549425024706e-13
2.381032452499223231e-13
2.381032452499223231e-13
2.390843113305022651e-13
2.378443646817782463e-13
2.378443646817782463e-13
2.398384238077245797e-13
2.384089487482123326e-13
2.384089487482123326e-13
2.386024911811872138e-13
2.373595329517848592e-13
2.373595329517848592e-13
2.383537705862515914e-13
2.371194235268001387e-13
2.371194235268001387e-13
2.381032452499223231e-13
2.368691963088181657e-13
2.368691963088181657e-13
2.378443646817782463e-13
2.366093301344005881e-13
2.366093301344005881e-13
2.384089487482123326e-13
2.366575046388703696e-13
2.366575046388703696e-13
2.373595329517848592e-13
2.361348774099430665e-13
2.361348774099430665e-13
2.371194235268001387e-13
2.358954955556691980e-13
2.358954955556691980e-13
2.368691963088181657e-13
2.356458226613894325e-13
2.356458226613894325e-13
2.366093301344005881e-13
2.347513839941005196e-13
2.347513839941005196e-13
2.366575046388703696e-13
2.351367179526065933e-13
2.351367179526065933e-13
2.361348774099430665e-13
2.349219531645692017e-13
2.349219531645692017e-13
2.358954955556691980e-13
2.346797876311086766e-13
2.346797876311086766e-13
2.356458226613894325e-13
2.344298562656230906e-13
2.344298562656230906e-13
2.347513839941005196e-13
2.333831795498236317e-13
2.333831795498236317e-13
2.351367179526065933e-13
2.339225849260874285e-13
2.339225849260874285e-13
2.349219531645692017e-13
2.337155809768358322e-13
2.337155809768358322e-13
2.346797876311086766e-13
2.334739756241596590e-13
2.334739756241596590e-13
2.344298562656230906e-13
2.332239401064246439e-13
2.332239401064246439e-13
2.333831795498236317e-13
2.322158388481179136e-13
2.322158388481179136e-13
2.339225849260874285e-13
2.327533400125257705e-13
2.327533400125257705e-13
2.337155809768358322e-13
2.325187014035157858e-13
2.325187014035157858e-13
2.334739756241596590e-13
2.322760992212769709e-13
2.332239401064246439e-13
2.320242712458226135e-13
2.320242712458226135e-13
2.322158388481179136e-13
2.315604365560072627e-13
2.315604365560072627e-13
2.327533400125257705e-13
2.315704041509934246e-13
2.315704041509934246e-13
2.325187014035157858e-13
2.313365603651261911e-13
2.313365603651261911e-13
2.322760992212769709e-13
2.310961224468954066e-13
2.320242712458226135e-13
2.308479266843790709e-13
2.315604365560072627e-13
2.310791571744060187e-13
2.315704041509934246e-13
2.303961481246212616e-13
2.303961481246212616e-13
2.313365603651261911e-13
2.301646958945155528e-13
2.310961224468954066e-13
2.299275444458701397e-13
2.299275444458701397e-13
2.308479266843790709e-13
2.296825626890730223e-13
2.310791571744060187e-13
2.302393099422256165e-13
2.303961481246212616e-13
2.292306825627930997e-13
2.301646958945155528e-13
2.289993816829478976e-13
2.299275444458701397e-13
2.287641651432597938e-13
2.296825626890730223e-13
2.285211316824194860e-13
2.302393099422256165e-13
2.266815004524976652e-13
2.266815004524976652e-13
2.292306825627930997e-13
2.280740442078154070e-13
2.289993816829478976e-13
2.278522439854515958e-13
2.287641651432597938e-13
2.276243668988805488e-13
2.276243668988805488e-13
2.285211316824194860e-13
2.273884701457386204e-13
2.266815004524976652e-13
2.271466150537374131e-13
2.271466150537374131e-13
2.280740442078154070e-13
2.266540299975061065e-13
2.266540299975061065e-13
2.278522439854515958e-13
2.267051658130175489e-13
2.276243668988805488e-13
2.264845919171288785e-13
2.273884701457386204e-13
2.262540661287977191e-13
2.271466150537374131e-13
2.260159216129638068e-13
2.266540299975061065e-13
2.247637568548699068e-13
2.267051658130175489e-13
2.255577881189908142e-13
2.264845919171288785e-13
2.253522013240645853e-13
2.262540661287977191e-13
2.251262680809621063e-13
2.260159216129638068e-13
2.248925405926182483e-13
2.248925405926182483e-13
2.247637568548699068e-13
2.145925387859002483e-13
2.145925387859002483e-13
2.255577881189908142e-13
2.244164856805916644e-13
2.253522013240645853e-13
2.242268389249352675e-13
2.251262680809621063e-13
2.240041599747781988e-13
2.248925405926182483e-13
2.237733864591355741e-13
2.145925387859002483e-13
2.191378391107527186e-13
2.244164856805916644e-13
2.232458115763868988e-13
2.242268389249352675e-13
2.231110418571606123e-13
2.231110418571606123e-13
2.240041599747781988e-13
2.228910694365508292e-13
2.237733864591355741e-13
2.226628942582154838e-13
2.191378391107527186e-13
2.218196331597780760e-13
2.232458115763868988e-13
2.220715759774333283e-13
2.231110418571606123e-13
2.220031059418914423e-13
2.220031059418914423e-13
2.228910694365508292e-13
2.217848333974566211e-13
2.226628942582154838e-13
2.215580393368830854e-13
2.218196331597780760e-13
2.077275141613884408e-13
2.077275141613884408e-13
2.220715759774333283e-13
2.210461075179405265e-13
2.220031059418914423e-13
2.209051874699341390e-13
2.209051874699341390e-13
2.217848333974566211e-13
2.206863921117230606e-13
2.206863921117230606e-13
2.215580393368830854e-13
2.204601321304671461e-13
2.204601321304671461e-13
2.077275141613884408e-13
2.158650242403341668e-13
2.158650242403341668e-13
2.210461075179405265e-13
2.200111090351206273e-13
2.200111090351206273e-13
2.209051874699341390e-13
2.198147510339422574e-13
2.206863921117230606e-13
2.195960307816761506e-13
2.195960307816761506e-13
2.204601321304671461e-13
2.193698720052667899e-13
2.193698720052667899e-13
2.158650242403341668e-13
2.175558619660394085e-13
2.175558619660394085e-13
2.200111090351206273e-13
2.189550973732058291e-13
2.198147510339422574e-13
2.187366499098348593e-13
2.187366499098348593e-13
2.195960307816761506e-13
2.185201246582763442e-13
2.185201246582763442e-13
2.193698720052667899e-13
2.182962394164922195e-13
2.182962394164922195e-13
2.175558619660394085e-13
2.173108208435566973e-13
2.173108208435566973e-13
2.189550973732058291e-13
2.178845240117752017e-13
2.187366499098348593e-13
2.176649600535889435e-13
2.185201246582763442e-13
2.174495666632314989e-13
2.182962394164922195e-13
2.172269595178737020e-13
2.172269595178737020e-13
2.173108208435566973e-13
2.185010612860202469e-13
2.178845240117752017e-13
2.168104338791983315e-13
2.176649600535889435e-13
2.166007624341757970e-13
2.166007624341757970e-13
2.174495666632314989e-13
2.163857290764434794e-13
2.172269595178737020e-13
2.161632784109326279e-13
2.161632784109326279e-13
2.185010612860202469e-13
2.161560797270567862e-13
2.168104338791983315e-13
2.157495480842654354e-13
2.166007624341757970e-13
2.155448242839569056e-13
2.163857290764434794e-13
2.153296160486727893e-13
2.153296160486727893e-13
2.161632784109326279e-13
2.143781709556692722e-13
2.143781709556692722e-13
2.161560797270567862e-13
2.148756749047805423e-13
2.148756749047805423e-13
2.157495480842654354e-13
2.147053360609567665e-13
2.147053360609567665e-13
2.155448242839569056e-13
2.144964261333250606e-13
2.153296160486727893e-13
2.142807142094322023e-13
2.142807142094322023e-13
2.143781709556692722e-13
2.113724411261738670e-13
2.113724411261738670e-13
2.148756749047805423e-13
2.138631622977241666e-13
2.147053360609567665e-13
2.136645927294699548e-13
2.144964261333250606e-13
2.134549336100098594e-13
2.134549336100098594e-13
2.142807142094322023e-13
2.132383467290515571e-13
2.132383467290515571e-13
2.113724411261738670e-13
2.122439387797542421e-13
2.138631622977241666e-13
2.128318900570885267e-13
2.128318900570885267e-13
2.136645927294699548e-13
2.126362209206331292e-13
2.126362209206331292e-13
2.134549336100098594e-13
2.124282517523110763e-13
2.124282517523110763e-13
2.132383467290515571e-13
2.122133321401765362e-13
2.122133321401765362e-13
2.122439387797542421e-13
2.122442384625300193e-13
2.122442384625300193e-13
2.128318900570885267e-13
2.118112265670682336e-13
2.118112265670682336e-13
2.126362209206331292e-13
2.116163546369163475e-13
2.116163546369163475e-13
2.124282517523110763e-13
2.114106989811622909e-13
2.122133321401765362e-13
2.111981056546350791e-13
2.122442384625300193e-13
2.119832888646323812e-13
2.119832888646323812e-13
2.118112265670682336e-13
2.108013713085750547e-13
2.108013713085750547e-13
2.116163546369163475e-13
2.106031587062504630e-13
2.114106989811622909e-13
2.103989471312389252e-13
2.111981056546350791e-13
2.101878984218716275e-13
2.101878984218716275e-13
2.119832888646323812e-13
2.099748308352287500e-13
2.108013713085750547e-13
2.097987180755262658e-13
2.106031587062504630e-13
2.095972036861491863e-13
2.095972036861491863e-13
2.103989471312389252e-13
2.093937508572407046e-13
2.093937508572407046e-13
2.101878984218716275e-13
2.091836683057034869e-13
2.091836683057034869e-13
2.099748308352287500e-13
2.085532503176690994e-13
2.085532503176690994e-13
2.097987180755262658e-13
2.087978435530831738e-13
2.087978435530831738e-13
2.095972036861491863e-13
2.085992017925161216e-13
2.085992017925161216e-13
2.093937508572407046e-13
2.083960960529986005e-13
2.091836683057034869e-13
2.082313626110979609e-13
2.082313626110979609e-13
2.085532503176690994e-13
2.081017328238210324e-13
2.081017328238210324e-13
2.087978435530831738e-13
2.078044782974460978e-13
2.078044782974460978e-13
2.085992017925161216e-13
2.076082423228406432e-13
2.076082423228406432e-13
2.083960960529986005e-13
2.074050575693541831e-13
2.082313626110979609e-13
2.034480700951359568e-13
2.081017328238210324e-13
2.070270968680573098e-13
2.070270968680573098e-13
2.078044782974460978e-13
2.068214299834104735e-13
2.068214299834104735e-13
2.076082423228406432e-13
2.066244978765349809e-13
2.066244978765349809e-13
2.074050575693541831e-13
2.064209638790529022e-13
2.064209638790529022e-13
2.034480700951359568e-13
2.071884791411774265e-13
2.071884791411774265e-13
2.070270968680573098e-13
2.060283897227451854e-13
2.068214299834104735e-13
2.058456971675940292e-13
2.058456971675940292e-13
2.066244978765349809e-13
2.056484786763409876e-13
2.056484786763409876e-13
2.064209638790529022e-13
2.054445759424413663e-13
2.071884791411774265e-13
2.055414619723460480e-13
2.060283897227451854e-13
2.050682976580651176e-13
2.050682976580651176e-13
2.058456971675940292e-13
2.048794708372166029e-13
2.048794708372166029e-13
2.056484786763409876e-13
2.046830029350264755e-13
2.046830029350264755e-13
2.054445759424413663e-13
2.044783044428073721e-13
2.055414619723460480e-13
2.040591579305596452e-13
2.050682976580651176e-13
2.041106664165318304e-13
2.048794708372166029e-13
2.039212578829325536e-13
2.046830029350264755e-13
2.037259608101411682e-13
2.037259608101411682e-13
2.044783044428073721e-13
2.035394681131399749e-13
2.040591579305596452e-13
2.032101092564888956e-13
2.032101092564888956e-13
2.041106664165318304e-13
2.031577807794886172e-13
2.031577807794886172e-13
2.039212578829325536e-13
2.029696122982167222e-13
2.029696122982167222e-13
2.037259608101411682e-13
2.027750104204223441e-13
2.027750104204223441e-13
2.035394681131399749e-13
2.001876679076584860e-13
2.001876679076584860e-13
2.032101092564888956e-13
2.024370733126491132e-13
2.031577807794886172e-13
2.022118708575074628e-13
2.022118708575074628e-13
2.029696122982167222e-13
2.020246480052484648e-13
2.020246480052484648e-13
2.027750104204223441e-13
2.018302073415933859e-13
2.001876679076584860e-13
2.031890414000182942e-13
2.024370733126491132e-13
2.014761419830747973e-13
2.022118708575074628e-13
2.012744026474373929e-13
2.012744026474373929e-13
2.020246480052484648e-13
2.010859033098323944e-13
2.018302073415933859e-13
2.008910769057907895e-13
2.031890414000182942e-13
2.004957239515241731e-13
2.014761419830747973e-13
2.005219002417091766e-13
2.005219002417091766e-13
2.012744026474373929e-13
2.003426511051549225e-13
2.010859033098323944e-13
2.001532849213840845e-13
2.001532849213840845e-13
2.008910769057907895e-13
1.999461613586225536e-13
2.004957239515241731e-13
1.996590045615347769e-13
2.005219002417091766e-13
1.996056169199895567e-13
2.003426511051549225e-13
1.994237767563342129e-13
2.001532849213840845e-13
1.992364815698544513e-13
1.999461613586225536e-13
1.990436714055776552e-13
1.990436714055776552e-13
1.996590045615347769e-13
1.985081367517924062e-13
1.985081367517924062e-13
1.996056169199895567e-13
1.986906827370642986e-13
1.986906827370642986e-13
1.994237767563342129e-13
1.985093536489063414e-13
1.992364815698544513e-13
1.983232568673029380e-13
1.990436714055776552e-13
1.981270456508690194e-13
1.981270456508690194e-13
1.985081367517924062e-13
1.978459553063294192e-13
1.986906827370642986e-13
1.977821516237927469e-13
1.977821516237927469e-13
1.985093536489063414e-13
1.976020548343875523e-13
1.983232568673029380e-13
1.976020548343875523e-13
1.974168864799527174e-13
1.974168864799527174e-13
1.981270456508690194e-13
1.970832165723063243e-13
1.970832165723063243e-13
1.978459553063294192e-13
1.971277740008458846e-13
1.977821516237927469e-13
1.968796549422040444e-13
1.968796549422040444e-13
1.976020548343875523e-13
1.967009380481977657e-13
1.974168864799527174e-13
1.965160771497632087e-13
1.970832165723063243e-13
1.881254086000569515e-13
1.971277740008458846e-13
1.962435338258696077e-13
1.968796549422040444e-13
1.959879713162723598e-13
1.967009380481977657e-13
1.958129417863075152e-13
1.958129417863075152e-13
1.965160771497632087e-13
1.956310346269454738e-13
1.881254086000569515e-13
1.954427799221109818e-13
1.962435338258696077e-13
1.949875674468971246e-13
1.959879713162723598e-13
1.951010833848050468e-13
1.958129417863075152e-13
1.956310346269454738e-13
1.949312466072235474e-13
1.954427799221109818e-13
1.947527891410517878e-13
1.949875674468971246e-13
1.945683712735361882e-13
1.951010833848050468e-13
1.931666374002685708e-13
1.942191297660871128e-13
1.949312466072235474e-13
1.940559881529146643e-13
1.940559881529146643e-13
1.947527891410517878e-13
1.938811385996740993e-13
1.945683712735361882e-13
1.937002419419137022e-13
1.931666374002685708e-13
1.942191297660871128e-13
1.856093053190190825e-13
1.940559881529146643e-13
1.933257691805973408e-13
1.933257691805973408e-13
1.938811385996740993e-13
1.931851753441242998e-13
1.937002419419137022e-13
1.930127960265919119e-13
1.928341017274259677e-13
1.928341017274259677e-13
1.856093053190190825e-13
2.018271684409810859e-13
1.933257691805973408e-13
1.925473767885575942e-13
1.931851753441242998e-13
1.923218379064738296e-13
1.930127960265919119e-13
1.928341017274259677e-13
1.921507657883006009e-13
1.921507657883006009e-13
2.018271684409810859e-13
1.919737098952969936e-13
1.925473767885575942e-13
1.935870337719741411e-13
1.923218379064738296e-13
1.916496214692188412e-13
1.914662332625219096e-13
1.912976889051008495e-13
1.919737098952969936e-13
1.911230712018603990e-13
1.935870337719741411e-13
1.909543146354470254e-13
1.916496214692188412e-13
1.914662332625219096e-13
1.907511253758491439e-13
1.912976889051008495e-13
1.906170015690851689e-13
1.911230712018603990e-13
1.904491718374600537e-13
1.909543146354470254e-13
1.902760273898879898e-13
1.902760273898879898e-13
1.907511253758491439e-13
1.901255171264045337e-13
1.906170015690851689e-13
1.897737709532326067e-13
1.904491718374600537e-13
1.902760273898879898e-13
1.896062747319951802e-13
1.901255171264045337e-13
1.894337767794837935e-13
1.894337767794837935e-13
1.900539026850937881e-13
1.846792848162936801e-13
1.897737709532326067e-13
1.891786469559537483e-13
1.891786469559537483e-13
1.896062747319951802e-13
1.889359116422543357e-13
1.894337767794837935e-13
1.887694848801437537e-13
1.846792848162936801e-13
1.885971730116062991e-13
1.885971730116062991e-13
1.891786469559537483e-13
1.923801307828898956e-13
1.889359116422543357e-13
1.882937117371499172e-13
1.882937117371499172e-13
1.887694848801437537e-13
1.881053864985895295e-13
1.885971730116062991e-13
1.879384919023968769e-13
1.923801307828898956e-13
1.877660164027526974e-13
1.882937117371499172e-13
1.867558021416687304e-13
1.881053864985895295e-13
1.874475889342113205e-13
1.879384919023968769e-13
1.872809384229755609e-13
1.872809384229755609e-13
1.871139002871092985e-13
1.877660164027526974e-13
1.871139002871092985e-13
1.867558021416687304e-13
1.869444349653097088e-13
1.869444349653097088e-13
1.874475889342113205e-13
1.868282424967190029e-13
1.872809384229755609e-13
1.866246200832160839e-13
1.871139002871092985e-13
1.864626243470993812e-13
1.862951252543793054e-13
1.862951252543793054e-13
1.869444349653097088e-13
1.863694531252225521e-13
1.868282424967190029e-13
1.859826933976134821e-13
1.866246200832160839e-13
1.858125799974427355e-13
1.864626243470993812e-13
1.862951252543793054e-13
1.856498769216628176e-13
1.856498769216628176e-13
1.863694531252225521e-13
1.854817700150462711e-13
1.859826933976134821e-13
1.867403250130301957e-13
1.858125799974427355e-13
1.851559543162947514e-13
1.850063148773168312e-13
1.850063148773168312e-13
1.856498769216628176e-13
1.848430741301523683e-13
1.854817700150462711e-13
1.848430741301523683e-13
1.846728031232242549e-13
1.867403250130301957e-13
1.846728031232242549e-13
1.851559543162947514e-13
1.847658392431275141e-13
1.847658392431275141e-13
1.850063148773168312e-13
1.843655719119833587e-13
1.843655719119833587e-13
1.848430741301523683e-13
1.842064758394327856e-13
1.842064758394327856e-13
1.846728031232242549e-13
1.840428800074401350e-13
1.890815618361097138e-13
1.847658392431275141e-13
1.837683846287620986e-13
1.843655719119833587e-13
1.835722610088553965e-13
1.842064758394327856e-13
1.834150589542022974e-13
1.840428800074401350e-13
1.890815618361097138e-13
1.832522969368674349e-13
1.837683846287620986e-13
1.717603115544092914e-13
1.829956218748963245e-13
1.829956218748963245e-13
1.835722610088553965e-13
1.827863872481132106e-13
1.834150589542022974e-13
1.826300352550725573e-13
1.826300352550725573e-13
1.832522969368674349e-13
1.824684258118998124e-13
1.717603115544092914e-13
1.699220856851899097e-13
1.829956218748963245e-13
1.821886566647751486e-13
1.827863872481132106e-13
1.820066309301139727e-13
1.820066309301139727e-13
1.826300352550725573e-13
1.818526414567979477e-13
1.824684258118998124e-13
1.816928883029052365e-13
1.699220856851899097e-13
1.823786278484684746e-13
1.821886566647751486e-13
1.813436418845066749e-13
1.813436418845066749e-13
1.820066309301139727e-13
1.812321856397704910e-13
1.818526414567979477e-13
1.810799789213017789e-13
1.816928883029052365e-13
1.809215826845084974e-13
1.809215826845084974e-13
1.823786278484684746e-13
1.824208830491464817e-13
1.813436418845066749e-13
1.805701833395537849e-13
1.805701833395537849e-13
1.812321856397704910e-13
1.804646026012994557e-13
1.804646026012994557e-13
1.810799789213017789e-13
1.803121947401343302e-13
1.809215826845084974e-13
1.801544016776419975e-13
1.824208830491464817e-13
1.807367651787935605e-13
1.805701833395537849e-13
1.798041922495100691e-13
1.804646026012994557e-13
1.797020531097303089e-13
1.797020531097303089e-13
1.803121947401343302e-13
1.795495625461275645e-13
1.801544016776419975e-13
1.793918316121035163e-13
1.793918316121035163e-13
1.807367651787935605e-13
1.771314996627892069e-13
1.798041922495100691e-13
1.790821400166538243e-13
1.797020531097303089e-13
1.789458787958714753e-13
1.789458787958714753e-13
1.795495625461275645e-13
1.787937859491769366e-13
1.787937859491769366e-13
1.793918316121035163e-13
1.786364215430716796e-13
1.771314996627892069e-13
1.781548295848201372e-13
1.790821400166538243e-13
1.783374141477658392e-13
1.789458787958714753e-13
1.781952582566713027e-13
1.787937859491769366e-13
1.780430989279783578e-13
1.780430989279783578e-13
1.786364215430716796e-13
1.778842076208457013e-13
1.778842076208457013e-13
1.781548295848201372e-13
1.779781551189711299e-13
1.783374141477658392e-13
1.775981849923430893e-13
1.781952582566713027e-13
1.774495321885950841e-13
1.780430989279783578e-13
1.772969709705380603e-13
1.772969709705380603e-13
1.778842076208457013e-13
1.807911778344015943e-13
1.779781551189711299e-13
1.770202605164595007e-13
1.770202605164595007e-13
1.775981849923430893e-13
1.768565197055262628e-13
1.774495321885950841e-13
1.767086713306078991e-13
1.767086713306078991e-13
1.772969709705380603e-13
1.765553910065942562e-13
1.765553910065942562e-13
1.807911778344015943e-13
1.765950952656508214e-13
1.770202605164595007e-13
1.762771136372787358e-13
1.762771136372787358e-13
1.768565197055262628e-13
1.761264031159680060e-13
1.767086713306078991e-13
1.759804451505349947e-13
1.759804451505349947e-13
1.765553910065942562e-13
1.758292974492799772e-13
1.758292974492799772e-13
1.765950952656508214e-13
1.859296104862857985e-13
1.859296104862857985e-13
1.762771136372787358e-13
1.754961656472782825e-13
1.761264031159680060e-13
1.754020511291062686e-13
1.759804451505349947e-13
1.752600241058336529e-13
1.758292974492799772e-13
1.751126536898759704e-13
1.859296104862857985e-13
1.749604764453315789e-13
1.754961656472782825e-13
1.752307396221274673e-13
1.752307396221274673e-13
1.754020511291062686e-13
1.746761767824046158e-13
1.746761767824046158e-13
1.752600241058336529e-13
1.745410495368969783e-13
1.751126536898759704e-13
1.743963615446048168e-13
1.749604764453315789e-13
1.742467499276257169e-13
1.752307396221274673e-13
1.757552656687616548e-13
1.746761767824046158e-13
1.739504704930285839e-13
1.739504704930285839e-13
1.745410495368969783e-13
1.738264637074487577e-13
1.738264637074487577e-13
1.743963615446048168e-13
1.736832667480469871e-13
1.736832667480469871e-13
1.742467499276257169e-13
1.735351651415933043e-13
1.757552656687616548e-13
1.723951461284406973e-13
1.739504704930285839e-13
1.732391233065419971e-13
1.732391233065419971e-13
1.738264637074487577e-13
1.731167880075742220e-13
1.736832667480469871e-13
1.729743332222253383e-13
1.729743332222253383e-13
1.735351651415933043e-13
1.728269090429688891e-13
1.728269090429688891e-13
1.723951461284406973e-13
1.719084401858316224e-13
1.732391233065419971e-13
1.725477120740359867e-13
1.731167880075742220e-13
1.724129947911891158e-13
1.729743332222253383e-13
1.722708050326562740e-13
1.728269090429688891e-13
1.721238614099793509e-13
1.721238614099793509e-13
1.719084401858316224e-13
1.713838928766650153e-13
1.725477120740359867e-13
1.718479985003121855e-13
1.724129947911891158e-13
1.717160011560392429e-13
1.722708050326562740e-13
1.715750658011172901e-13
1.721238614099793509e-13
1.714293535845829799e-13
1.713838928766650153e-13
1.712288324928766602e-13
1.712288324928766602e-13
1.718479985003121855e-13
1.711556701070125631e-13
1.717160011560392429e-13
1.710236863680572726e-13
1.715750658011172901e-13
1.708836145941266078e-13
1.714293535845829799e-13
1.707388576302062451e-13
1.707388576302062451e-13
1.712288324928766602e-13
1.711490354512162311e-13
1.711490354512162311e-13
1.711556701070125631e-13
1.704694172166080803e-13
1.710236863680572726e-13
1.703363731564693611e-13
1.708836145941266078e-13
1.701967759969825090e-13
1.707388576302062451e-13
1.700505106483214994e-13
1.700505106483214994e-13
1.711490354512162311e-13
1.699512929550098727e-13
1.704694172166080803e-13
1.697872216411194915e-13
1.697872216411194915e-13
1.703363731564693611e-13
1.696535911787132751e-13
1.701967759969825090e-13
1.695140007832220653e-13
1.700505106483214994e-13
1.718517234907118665e-13
1.699512929550098727e-13
1.691716897663294148e-13
1.691716897663294148e-13
1.697872216411194915e-13
1.691111487011975254e-13
1.691111487011975254e-13
1.696535911787132751e-13
1.689770971448853132e-13
1.689770971448853132e-13
1.695140007832220653e-13
1.688379123591864070e-13
1.718517234907118665e-13
1.646156016758516580e-13
1.646156016758516580e-13
1.691716897663294148e-13
1.685357052191809169e-13
1.685357052191809169e-13
1.691111487011975254e-13
1.684393410765547967e-13
1.684393410765547967e-13
1.689770971448853132e-13
1.683047107318365081e-13
1.683047107318365081e-13
1.688379123591864070e-13
1.681655387325149688e-13
1.681655387325149688e-13
1.646156016758516580e-13
1.662217828367342279e-13
1.662217828367342279e-13
1.685357052191809169e-13
1.679034006093166582e-13
1.679034006093166582e-13
1.684393410765547967e-13
1.677731039372579391e-13
1.683047107318365081e-13
1.676391339342690019e-13
1.681655387325149688e-13
1.675006011463972660e-13
1.662217828367342279e-13
1.681438654646586198e-13
1.679034006093166582e-13
1.672371577822014580e-13
1.677731039372579391e-13
1.671110368228001470e-13
1.676391339342690019e-13
1.669772180133017801e-13
1.675006011463972660e-13
1.668387031643043396e-13
1.668387031643043396e-13
1.681438654646586198e-13
1.670207515438857693e-13
1.672371577822014580e-13
1.665816318972035148e-13
1.671110368228001470e-13
1.664537871671722916e-13
1.669772180133017801e-13
1.663197371871233177e-13
1.668387031643043396e-13
1.653579767295817569e-13
1.653579767295817569e-13
1.670207515438857693e-13
1.660035983756240040e-13
1.660035983756240040e-13
1.665816318972035148e-13
1.659312448279092262e-13
1.664537871671722916e-13
1.658009531335902083e-13
1.663197371871233177e-13
1.656664459106024816e-13
1.653579767295817569e-13
1.659775100662686297e-13
1.659775100662686297e-13
1.660035983756240040e-13
1.653920347604101532e-13
1.659312448279092262e-13
1.652846139625046898e-13
1.652846139625046898e-13
1.658009531335902083e-13
1.651549761852594734e-13
1.656664459106024816e-13
1.650208992351869347e-13
1.650208992351869347e-13
1.659775100662686297e-13
1.640726253341314420e-13
1.653920347604101532e-13
1.647600382465303697e-13
1.652846139625046898e-13
1.646425889746363173e-13
1.646425889746363173e-13
1.651549761852594734e-13
1.645133093172307589e-13
1.645133093172307589e-13
1.650208992351869347e-13
1.643795648667801477e-13
1.640726253341314420e-13
1.635085925182179788e-13
1.647600382465303697e-13
1.641325347081770086e-13
1.641325347081770086e-13
1.646425889746363173e-13
1.640054303704954810e-13
1.640054303704954810e-13
1.645133093172307589e-13
1.638762480123809747e-13
1.643795648667801477e-13
1.637425148688059690e-13
1.637425148688059690e-13
1.635085925182179788e-13
1.633817033312690324e-13
1.633817033312690324e-13
1.641325347081770086e-13
1.634967111100611442e-13
1.640054303704954810e-13
1.633748672062388894e-13
1.638762480123809747e-13
1.632466837634526510e-13
1.637425148688059690e-13
1.631143592870433631e-13
1.633817033312690324e-13
1.630801615915486557e-13
1.630801615915486557e-13
1.634967111100611442e-13
1.628688949726653713e-13
1.628688949726653713e-13
1.633748672062388894e-13
1.627486188451834757e-13
1.627486188451834757e-13
1.632466837634526510e-13
1.626214122024030947e-13
1.631143592870433631e-13
1.624902595896572268e-13
1.624902595896572268e-13
1.630801615915486557e-13
1.626396937622319904e-13
1.626396937622319904e-13
1.628688949726653713e-13
1.622464121582875837e-13
1.622464121582875837e-13
1.627486188451834757e-13
1.621264202354700326e-13
1.621264202354700326e-13
1.626214122024030947e-13
1.619997162801639550e-13
1.619997162801639550e-13
1.624902595896572268e-13
1.618478956894151240e-13
1.626396937622319904e-13
1.618418406486944002e-13
1.622464121582875837e-13
1.616311589238295737e-13
1.616311589238295737e-13
1.621264202354700326e-13
1.615083912410501226e-13
1.619997162801639550e-13
1.613816918013336870e-13
1.613816918013336870e-13
1.618478956894151240e-13
1.641616858147193341e-13
1.618418406486944002e-13
1.610969449654027858e-13
1.616311589238295737e-13
1.610176530523839403e-13
1.615083912410501226e-13
1.608950994424353081e-13
1.613816918013336870e-13
1.607683786111706121e-13
1.641616858147193341e-13
1.585331485777333994e-13
1.610969449654027858e-13
1.605112843831094638e-13
1.610176530523839403e-13
1.604091069713209661e-13
1.608950994424353081e-13
1.602868749145328204e-13
1.602868749145328204e-13
1.607683786111706121e-13
1.601603258228873482e-13
1.601603258228873482e-13
1.585331485777333994e-13
1.603979192345713929e-13
1.605112843831094638e-13
1.599180172101005550e-13
1.604091069713209661e-13
1.598053081969286254e-13
1.602868749145328204e-13
1.596829979889047131e-13
1.601603258228873482e-13
1.595569094175834809e-13
1.595569094175834809e-13
1.603979192345713929e-13
1.596847931848179137e-13
1.596847931848179137e-13
1.599180172101005550e-13
1.593236023928779914e-13
1.593236023928779914e-13
1.598053081969286254e-13
1.592057855204736943e-13
1.592057855204736943e-13
1.596829979889047131e-13
1.590834390592047130e-13
1.590834390592047130e-13
1.595569094175834809e-13
1.585217110644220330e-13
1.585217110644220330e-13
1.596847931848179137e-13
1.588365991979746233e-13
1.588365991979746233e-13
1.593236023928779914e-13
1.587293042108901569e-13
1.587293042108901569e-13
1.592057855204736943e-13
1.586105904504762052e-13
1.590834390592047130e-13
1.584881244189189405e-13
1.585217110644220330e-13
1.632230183979607221e-13
1.588365991979746233e-13
1.582692276062389849e-13
1.587293042108901569e-13
1.581380555090748367e-13
1.586105904504762052e-13
1.580196101672780930e-13
1.580196101672780930e-13
1.584881244189189405e-13
1.578969756119758329e-13
1.578969756119758329e-13
1.632230183979607221e-13
1.568989686741609102e-13
1.582692276062389849e-13
1.576698655023183683e-13
1.581380555090748367e-13
1.575514711504329868e-13
1.580196101672780930e-13
1.574325899080751291e-13
1.574325899080751291e-13
1.578969756119758329e-13
1.573142851381239585e-13
1.568989686741609102e-13
1.573377261862594321e-13
1.576698655023183683e-13
1.570838509735728494e-13
1.575514711504329868e-13
1.569686859993108343e-13
1.574325899080751291e-13
1.568491120986421124e-13
1.573142851381239585e-13
1.505123652662799647e-13
1.505123652662799647e-13
1.573377261862594321e-13
1.566409068794743690e-13
1.570838509735728494e-13
1.565077645008465066e-13
1.569686859993108343e-13
1.563928324390299957e-13
1.563928324390299957e-13
1.568491120986421124e-13
1.562739226016031106e-13
1.505123652662799647e-13
1.516259507732971372e-13
1.566409068794743690e-13
1.560725759110597837e-13
1.565077645008465066e-13
1.559346268753971397e-13
1.563928324390299957e-13
1.558205320080270867e-13
1.562739226016031106e-13
1.557021778663858520e-13
1.516259507732971372e-13
1.576492339168479656e-13
1.576492339168479656e-13
1.560725759110597837e-13
1.554909948270115435e-13
1.559346268753971397e-13
1.553660626699993456e-13
1.558205320080270867e-13
1.552518753530130254e-13
1.552518753530130254e-13
1.557021778663858520e-13
1.551337275273631663e-13
1.576492339168479656e-13
1.547783477861480808e-13
1.554909948270115435e-13
1.549162731069766509e-13
1.549162731069766509e-13
1.553660626699993456e-13
1.548015118290100566e-13
1.548015118290100566e-13
1.552518753530130254e-13
1.546873388963181568e-13
1.551337275273631663e-13
1.545694616323770353e-13
1.547783477861480808e-13
1.541422012552903218e-13
1.549162731069766509e-13
1.543515404026907922e-13
1.543515404026907922e-13
1.548015118290100566e-13
1.542407292251266608e-13
1.542407292251266608e-13
1.546873388963181568e-13
1.541262874682533576e-13
1.541262874682533576e-13
1.545694616323770353e-13
1.535235400066484995e-13
1.535235400066484995e-13
1.541422012552903218e-13
1.538130108343166899e-13
1.543515404026907922e-13
1.537949360535883325e-13
1.537949360535883325e-13
1.542407292251266608e-13
1.536852067565571059e-13
1.541262874682533576e-13
1.535710028085630961e-13
1.535710028085630961e-13
1.535235400066484995e-13
1.495048563684603219e-13
1.495048563684603219e-13
1.538130108343166899e-13
1.533202611209000339e-13
1.533202611209000339e-13
1.537949360535883325e-13
1.532436151921272356e-13
1.532436151921272356e-13
1.536852067565571059e-13
1.531335812094873575e-13
1.531335812094873575e-13
1.535710028085630961e-13
1.530196197232792378e-13
1.495048563684603219e-13
1.513872618823461038e-13
1.513872618823461038e-13
1.533202611209000339e-13
1.527847913497632632e-13
1.532436151921272356e-13
1.526956805620404899e-13
1.531335812094873575e-13
1.525857335496438603e-13
1.525857335496438603e-13
1.530196197232792378e-13
1.524718727345443072e-13
1.524718727345443072e-13
1.513872618823461038e-13
1.516353303863888861e-13
1.516353303863888861e-13
1.527847913497632632e-13
1.522559092475583832e-13
1.522559092475583832e-13
1.526956805620404899e-13
1.521518194347305364e-13
1.521518194347305364e-13
1.525857335496438603e-13
1.520416124601212241e-13
1.524718727345443072e-13
1.519268215315250121e-13
1.516353303863888861e-13
1.518553004328617962e-13
1.522559092475583832e-13
1.517191521492534526e-13
1.521518194347305364e-13
1.516115582609004664e-13
1.520416124601212241e-13
1.515010381347617401e-13
1.519268215315250121e-13
1.636469297696260588e-13
1.518553004328617962e-13
1.513225155359256067e-13
1.513225155359256067e-13
1.517191521492534526e-13
1.511820954582299640e-13
1.511820954582299640e-13
1.516115582609004664e-13
1.510748089880027689e-13
1.510748089880027689e-13
1.515010381347617401e-13
1.509637995939273916e-13
1.509637995939273916e-13
1.636469297696260588e-13
1.514953429745214056e-13
1.513225155359256067e-13
1.507543060046719332e-13
1.511820954582299640e-13
1.506493298081022023e-13
1.506493298081022023e-13
1.510748089880027689e-13
1.505412846830471462e-13
1.509637995939273916e-13
1.504205042488724277e-13
1.514953429745214056e-13
1.502482464475909597e-13
1.507543060046719332e-13
1.502242541792643055e-13
1.506493298081022023e-13
1.501202690120081203e-13
1.505412846830471462e-13
1.500116048145499250e-13
1.504205042488724277e-13
1.468705598186738554e-13
1.468705598186738554e-13
1.502482464475909597e-13
1.497826879109681381e-13
1.502242541792643055e-13
1.497004261672239411e-13
1.501202690120081203e-13
1.495951504361333670e-13
1.495951504361333670e-13
1.500116048145499250e-13
1.494860532002609359e-13
1.494860532002609359e-13
1.468705598186738554e-13
1.486782543625794071e-13
1.497826879109681381e-13
1.492818129833989754e-13
1.492818129833989754e-13
1.497004261672239411e-13
1.491800724074177675e-13
1.495951504361333670e-13
1.490744931467073353e-13
1.494860532002609359e-13
1.489651707677547932e-13
1.486782543625794071e-13
1.487139091747049491e-13
1.487139091747049491e-13
1.492818129833989754e-13
1.487641856229069485e-13
1.491800724074177675e-13
1.486653950073959953e-13
1.490744931467073353e-13
1.485608286917603092e-13
1.485608286917603092e-13
1.489651707677547932e-13
1.484527330691919821e-13
1.484527330691919821e-13
1.487139091747049491e-13
1.480085162694722922e-13
1.480085162694722922e-13
1.487641856229069485e-13
1.482515158038232974e-13
1.486653950073959953e-13
1.481537679158998372e-13
1.481537679158998372e-13
1.485608286917603092e-13
1.480501184280487274e-13
1.484527330691919821e-13
1.479429845482240400e-13
1.480085162694722922e-13
1.474222928463735183e-13
1.474222928463735183e-13
1.482515158038232974e-13
1.477427821334374261e-13
1.481537679158998372e-13
1.476462920633403740e-13
1.480501184280487274e-13
1.475436988503375535e-13
1.475436988503375535e-13
1.479429845482240400e-13
1.474375897280688852e-13
1.474222928463735183e-13
1.479115648311579043e-13
1.477427821334374261e-13
1.472353780209645132e-13
1.476462920633403740e-13
1.471433530944576120e-13
1.475436988503375535e-13
1.470421489273513714e-13
1.474375897280688852e-13
1.469374368780468283e-13
1.479115648311579043e-13
1.484334069269476466e-13
1.472353780209645132e-13
1.467315415820754363e-13
1.471433530944576120e-13
1.466431368858204782e-13
1.470421489273513714e-13
1.465428444639048065e-13
1.469374368780468283e-13
1.464390142214857055e-13
1.484334069269476466e-13
1.473393379340919328e-13
1.467315415820754363e-13
1.462411811066032287e-13
1.466431368858204782e-13
1.461463801274387084e-13
1.465428444639048065e-13
1.460464653442737097e-13
1.460464653442737097e-13
1.464390142214857055e-13
1.459430572073076031e-13
1.473393379340919328e-13
1.452648274842816336e-13
1.462411811066032287e-13
1.457528486604921092e-13
1.461463801274387084e-13
1.457530681904983601e-13
1.457530681904983601e-13
1.460464653442737097e-13
1.457532872068967131e-13
1.459430572073076031e-13
1.457535056873228985e-13
1.457535056873228985e-13
1.452648274842816336e-13
1.457537236389377285e-13
1.457537236389377285e-13
1.457528486604921092e-13
1.457539410785704967e-13
1.457530681904983601e-13
1.457541580203542331e-13
1.457541580203542331e-13
1.457532872068967131e-13
1.457543744223053563e-13
1.457535056873228985e-13
1.457545903163697545e-13
1.457537236389377285e-13
1.457548056970571575e-13
1.457539410785704967e-13
1.457550205840728564e-13
1.457541580203542331e-13
1.457552349401268535e-13
1.457543744223053563e-13
1.457554487948136254e-13
1.457545903163697545e-13
1.457556621276999328e-13
1.457548056970571575e-13
1.457558749526005604e-13
1.457550205840728564e-13
1.457560872814704237e-13
1.457560872814704237e-13
1.457552349401268535e-13
1.457562991118816487e-13
1.457562991118816487e-13
1.457554487948136254e-13
1.457565104312619888e-13
1.457556621276999328e-13
1.457567212531665230e-13
1.457558749526005604e-13
1.457569315869874670e-13
1.457569315869874670e-13
1.457560872814704237e-13
1.457571413946829693e-13
1.457562991118816487e-13
1.457573507031214556e-13
1.457565104312619888e-13
1.457575595194176435e-13
1.457575595194176435e-13
1.457567212531665230e-13
1.457577678145916106e-13
1.457569315869874670e-13
1.457579756511452481e-13
1.457571413946829693e-13
1.457581829632488330e-13
1.457573507031214556e-13
1.457583897684429968e-13
1.457575595194176435e-13
1.457585960947495176e-13
1.457577678145916106e-13
1.457588019025794173e-13
1.457579756511452481e-13
1.457590072344042601e-13
1.457581829632488330e-13
1.457592120560599066e-13
1.457583897684429968e-13
1.457594164082229280e-13
1.457585960947495176e-13
1.457596203049947242e-13
1.457588019025794173e-13
1.457598236665425967e-13
1.457590072344042601e-13
1.457600265766261053e-13
1.457592120560599066e-13
1.457602289775466759e-13
1.457594164082229280e-13
1.457604308827222896e-13
1.457596203049947242e-13
1.457606322977061740e-13
1.457598236665425967e-13
1.457608331930523350e-13
1.457600265766261053e-13
1.457610336312264646e-13
1.457602289775466759e-13
1.457612335628071717e-13
1.457612335628071717e-13
1.457604308827222896e-13
1.457614330455073941e-13
1.457606322977061740e-13
1.457616320113907838e-13
1.457616320113907838e-13
1.457608331930523350e-13
1.457618305104934125e-13
1.457610336312264646e-13
1.457620285281828822e-13
1.457612335628071717e-13
1.457622260713977356e-13
1.457622260713977356e-13
1.457614330455073941e-13
1.457624231069198353e-13
1.457624231069198353e-13
1.457616320113907838e-13
1.457626196789300621e-13
1.457618305104934125e-13
1.457628157839572007e-13
1.457620285281828822e-13
1.457630114156236451e-13
1.457630114156236451e-13
1.457622260713977356e-13
1.457632065528727164e-13
1.457624231069198353e-13
1.457634012322216312e-13
1.457634012322216312e-13
1.457626196789300621e-13
