4.159875445072292455e-01
-8.392926537727349312e-02
-8.385012970875223293e-02
-8.402337280343606662e-02
1.175784637818075989e-01
5.760166765817892331e-01
-2.155497409254390484e-01
-9.076639577825647287e-02
8.328972858225443254e-02
5.833733568355772281e-01
8.345294670803399262e-02
4.166122053461788766e-01
1.273507832323340083e-01
1.274667519017439743e-01
6.275855687880093070e-01
1.273583758535901944e-01
3.547653156604215208e-01
3.547344697767668142e-01
1.880373404643235768e-01
2.143276011674940043e-02
1.820337644070509631e-01
-1.512895139472080208e-01
1.540778191571332001e-02
1.538167530165530580e-02
1.813441486280893411e-01
3.480201094960125863e-01
1.471462513938968757e-02
1.468692905507638057e-02
1.829715894648522301e-01
8.496499700831399160e-01
1.635288124267585477e-02
1.632645298225083447e-02
1.509675499544364634e-02
1.511584358541418968e-02
1.517263499867674455e-02
1.510626910836698235e-02
1.467357925992535950e-01
6.465621213709048520e-01
1.460050453162749506e-01
-2.035333200755611721e-02
