2.134944855085914069e-10
2.134944855085914069e-10
2.134944855085914069e-10
6.258623643638746758e-11
6.258623643638746758e-11
6.258623643638746758e-11
1.735347665741125135e-09
1.735347665741125135e-09
1.735347665741125135e-09
3.590015706987734913e-11
3.590015706987734913e-11
3.590015706987734913e-11
8.525291700370730727e-10
8.525291700370730727e-10
8.525291700370730727e-10
3.964863463005239606e-11
3.964863463005239606e-11
3.964863463005239606e-11
3.108978060053956286e-11
3.108978060053956286e-11
3.108978060053956286e-11
3.789047579429783804e-11
3.789047579429783804e-11
3.789047579429783804e-11
2.903329457517260770e-11
2.903329457517260770e-11
2.903329457517260770e-11
2.551364185826391583e-09
2.551364185826391583e-09
2.551364185826391583e-09
1.151275442477683178e-09
1.151275442477683178e-09
1.151275442477683178e-09
6.444574096344346784e-08
6.444574096344346784e-08
6.444574096344346784e-08
7.128467088823865550e-10
7.128467088823865550e-10
