5.351919691488986834e-22
5.351919691488986834e-22
5.351919691488986834e-22
5.351919691488986834e-22
5.351919691488986834e-22
5.351922671553440645e-22
5.351922671553440645e-22
5.351922671553440645e-22
5.351922671553440645e-22
5.351922671553440645e-22
5.351924710416259774e-22
5.351924710416259774e-22
5.351924710416259774e-22
5.351924710416259774e-22
5.351924710416259774e-22
5.351930659724272640e-22
5.351930659724272640e-22
5.351930659724272640e-22
5.351930659724272640e-22
5.351930659724272640e-22
5.351926881191859708e-22
5.351926881191859708e-22
5.351926881191859708e-22
5.351926881191859708e-22
5.351926881191859708e-22
5.351932656517320685e-22
5.351932656517320685e-22
5.351932656517320685e-22
5.351932656517320685e-22
5.351932656517320685e-22
5.351929812494854646e-22
5.351929812494854646e-22
5.351929812494854646e-22
5.351929812494854646e-22
5.351929812494854646e-22
5.351931212737059823e-22
5.351931212737059823e-22
5.351931212737059823e-22
5.351931212737059823e-22
5.351931212737059823e-22
5.351933500606924619e-22
5.351933500606924619e-22
5.351933500606924619e-22
5.351933500606924619e-22
5.351933500606924619e-22
5.351927593141063871e-22
5.351927593141063871e-22
5.351927593141063871e-22
5.351927593141063871e-22
5.351927593141063871e-22
5.351934089197461744e-22
5.351934089197461744e-22
5.351934089197461744e-22
5.351934089197461744e-22
5.351934089197461744e-22
5.351929756290376192e-22
5.351929756290376192e-22
5.351929756290376192e-22
5.351929756290376192e-22
5.351929756290376192e-22
5.351935471977224379e-22
5.351935471977224379e-22
5.351935471977224379e-22
5.351935471977224379e-22
5.351935471977224379e-22
5.351933884802113759e-22
5.351933884802113759e-22
5.351933884802113759e-22
5.351933884802113759e-22
5.351933754173379974e-22
5.351933754173379974e-22
5.351933754173379974e-22
5.351933754173379974e-22
5.351933754173379974e-22
