1.0852550510063191e-10
3.7583170902133367e-10
2.23760284236826e-09
3.9033753271596515e-09
3.21806464941787e-09
1.6703134322558466e-09
8.093824766856739e-10
8.314583196276481e-10
1.2762647645259187e-09
1.8472554069601862e-09
1.7188636456096842e-09
1.6367289779803405e-09
1.608363172558583e-09
1.4729790091393863e-09
1.2987777504110457e-09
1.3874800454218443e-09
1.6381441653587819e-09
1.9364665485718447e-09
1.7913515958941061e-09
1.3918408943799086e-09
1.110690941605115e-09
1.3319849602160446e-09
1.7059506202957605e-09
1.7475547573848041e-09
1.495927890503033e-09
1.25023127651151e-09
1.2309571737667366e-09
1.4231624636249208e-09
1.6516495507011229e-09
1.568326867305844e-09
1.468150382117801e-09
