7.21491927706151e-06
4.205563715315189e-06
4.379919718503688e-06
4.84950568638432e-06
4.352383139390012e-06
2.667742185531747e-06
2.0943855034125875e-06
2.8672282448881956e-06
2.0528166689963225e-06
9.639101672584303e-07
1.83785792375686e-06
8.558301948682047e-07
2.0941035093321414e-06
2.526296269187285e-06
1.099133547658908e-06
1.9958204254564198e-06
2.5674616542214017e-06
1.5320699847161586e-06
9.474682962687015e-07
1.2264809763429688e-06
9.397474238252414e-07
1.4523053360201468e-06
9.29471166363898e-07
8.569790593845035e-07
7.718905978933523e-07
9.705868649364503e-07
9.25145113611429e-07
7.32091487227205e-07
5.884570505239127e-07
8.754172035085059e-07
5.706836916194916e-07
