3.280088265923226785e-29
3.280088265923226785e-29
3.280088265923226785e-29
3.280088265923226785e-29
3.280088265923226785e-29
3.280088265923226785e-29
3.280088265923226785e-29
3.280088265923226785e-29
3.280088265923226785e-29
3.280088265923226785e-29
3.280088265923226785e-29
3.280088265923226785e-29
3.280088265923226785e-29
3.280088265923226785e-29
3.280088265923226785e-29
3.280088265923226785e-29
3.280088265923226785e-29
3.280088265923226785e-29
3.280088265923226785e-29
3.280088265923226785e-29
3.280088265923226785e-29
3.280088265923226785e-29
3.280088265923226785e-29
3.280088265923226785e-29
3.280088265923226785e-29
3.280088265923226785e-29
3.280088265923226785e-29
3.280088265923226785e-29
3.280088265923226785e-29
3.280088265923226785e-29
3.280088265923226785e-29
3.280088265923226785e-29
3.280088265923226785e-29
3.280088265923226785e-29
3.280088265923226785e-29
3.280088265923226785e-29
3.280088265923226785e-29
3.280088265923226785e-29
3.280088265923226785e-29
3.280088265923226785e-29
3.280291969076566895e-29
3.280291969076566895e-29
3.280291969076566895e-29
3.280291969076566895e-29
3.280291969076566895e-29
3.280234255239479634e-29
3.280234255239479634e-29
3.280234255239479634e-29
3.280234255239479634e-29
3.280234255239479634e-29
3.275260662603029504e-29
3.275260662603029504e-29
3.275260662603029504e-29
3.275260662603029504e-29
3.275260662603029504e-29
