5.893461430311259294e-04
5.893461430311259294e-04
5.122258541809698211e-04
5.122258541809698211e-04
5.122258541809698211e-04
5.122258541809698211e-04
5.122258541809698211e-04
4.495079651451307852e-04
4.495079651451307852e-04
4.495079651451307852e-04
4.495079651451307852e-04
4.495079651451307852e-04
3.977207089699290495e-04
3.977207089699290495e-04
3.977207089699290495e-04
3.977207089699290495e-04
3.977207089699290495e-04
3.540227617609362372e-04
3.540227617609362372e-04
3.540227617609362372e-04
3.540227617609362372e-04
3.540227617609362372e-04
3.165342602914553703e-04
3.165342602914553703e-04
3.165342602914553703e-04
3.165342602914553703e-04
3.165342602914553703e-04
2.839553165828263208e-04
2.839553165828263208e-04
2.839553165828263208e-04
2.839553165828263208e-04
2.839553165828263208e-04
2.553542566271271635e-04
2.553542566271271635e-04
2.553542566271271635e-04
2.553542566271271635e-04
2.553542566271271635e-04
2.300428278946661700e-04
2.300428278946661700e-04
2.300428278946661700e-04
2.300428278946661700e-04
2.300428278946661700e-04
2.074991710211502715e-04
2.074991710211502715e-04
2.074991710211502715e-04
2.074991710211502715e-04
2.074991710211502715e-04
1.873184139951206942e-04
1.873184139951206942e-04
1.873184139951206942e-04
1.873184139951206942e-04
1.873184139951206942e-04
1.691799310178631601e-04
1.691799310178631601e-04
1.691799310178631601e-04
1.691799310178631601e-04
1.691799310178631601e-04
1.528250233559102112e-04
1.528250233559102112e-04
1.528250233559102112e-04
1.528250233559102112e-04
1.528250233559102112e-04
1.380413262427892282e-04
1.380413262427892282e-04
1.380413262427892282e-04
1.380413262427892282e-04
1.380413262427892282e-04
1.246516815586112077e-04
1.246516815586112077e-04
1.246516815586112077e-04
1.246516815586112077e-04
1.125060559232463091e-04
1.125060559232463091e-04
1.125060559232463091e-04
1.125060559232463091e-04
1.125060559232463091e-04
1.014755914262484293e-04
1.014755914262484293e-04
1.014755914262484293e-04
1.014755914262484293e-04
1.014755914262484293e-04
9.144819162599783459e-05
9.144819162599783459e-05
9.144819162599783459e-05
9.144819162599783459e-05
9.144819162599783459e-05
8.232524559770731411e-05
8.232524559770731411e-05
8.232524559770731411e-05
8.232524559770731411e-05
8.232524559770731411e-05
7.401922070831101308e-05
7.401922070831101308e-05
7.401922070831101308e-05
7.401922070831101308e-05
7.401922070831101308e-05
6.645193452231317637e-05
6.645193452231317637e-05
6.645193452231317637e-05
6.645193452231317637e-05
6.645193452231317637e-05
5.955336118639400941e-05
5.955336118639400941e-05
5.955336118639400941e-05
5.955336118639400941e-05
5.955336118639400941e-05
5.326084604573925996e-05
5.326084604573925996e-05
5.326084604573925996e-05
5.326084604573925996e-05
5.326084604573925996e-05
4.751860196614042189e-05
4.751860196614042189e-05
4.751860196614042189e-05
4.751860196614042189e-05
4.751860196614042189e-05
4.227735330505151041e-05
4.227735330505151041e-05
4.227735330505151041e-05
4.227735330505151041e-05
4.227735330505151041e-05
3.749399444976981335e-05
3.749399444976981335e-05
3.749399444976981335e-05
3.749399444976981335e-05
3.749399444976981335e-05
3.313115402607397095e-05
3.313115402607397095e-05
3.313115402607397095e-05
3.313115402607397095e-05
3.313115402607397095e-05
2.915660678744243562e-05
2.915660678744243562e-05
2.915660678744243562e-05
2.915660678744243562e-05
2.915660678744243562e-05
2.554253899558341250e-05
2.554253899558341250e-05
2.554253899558341250e-05
2.554253899558341250e-05
2.554253899558341250e-05
2.226472548116960060e-05
2.226472548116960060e-05
2.226472548116960060e-05
2.226472548116960060e-05
2.226472548116960060e-05
1.930169936301773403e-05
1.930169936301773403e-05
1.930169936301773403e-05
1.930169936301773403e-05
1.930169936301773403e-05
1.663398789450591989e-05
1.663398789450591989e-05
1.663398789450591989e-05
1.663398789450591989e-05
1.663398789450591989e-05
1.424346325038165226e-05
1.424346325038165226e-05
1.424346325038165226e-05
1.424346325038165226e-05
1.424346325038165226e-05
1.211283022643380670e-05
1.211283022643380670e-05
1.211283022643380670e-05
1.211283022643380670e-05
1.211283022643380670e-05
1.022525227081004898e-05
1.022525227081004898e-05
1.022525227081004898e-05
1.022525227081004898e-05
1.022525227081004898e-05
8.564104622885453430e-06
8.564104622885453430e-06
8.564104622885453430e-06
8.564104622885453430e-06
8.564104622885453430e-06
7.112836923060545180e-06
7.112836923060545180e-06
7.112836923060545180e-06
7.112836923060545180e-06
7.112836923060545180e-06
5.854925366366270126e-06
5.854925366366270126e-06
5.854925366366270126e-06
